StatType:1
NumBins:1912
StartFreq:107898100
PerBin:real and imaginary coefficients
-1.046, -0.609
-1.484, 0.338
-1.114, 1.130
-0.490, 1.683
0.362, 1.926
1.274, 1.746
2.039, 1.146
2.467, 0.250
2.458, -0.750
2.028, -1.642
1.287, -2.258
0.396, -2.515
-0.481, -2.414
-1.218, -2.013
-1.733, -1.407
-1.992, -0.688
-1.987, 0.056
-1.717, 0.749
-1.199, 1.300
-0.480, 1.610
0.335, 1.585
1.087, 1.177
1.588, 0.435
1.677, -0.493
1.301, -1.378
0.537, -1.991
-0.430, -2.187
-1.385, -1.936
-2.139, -1.309
-2.567, -0.435
-2.617, 0.525
-2.299, 1.416
-1.687, 2.108
-0.884, 2.524
-0.005, 2.631
0.846, 2.428
1.574, 1.940
2.079, 1.213
2.271, 0.333
2.087, -0.561
1.538, -1.300
0.719, -1.723
-0.199, -1.735
-1.019, -1.335
-1.574, -0.611
-1.752, 0.294
-1.505, 1.209
-0.858, 1.942
0.077, 2.323
1.104, 2.252
2.006, 1.743
2.610, 0.915
2.838, -0.062
2.691, -1.034
2.218, -1.878
1.481, -2.504
0.568, -2.831
-0.404, -2.806
-1.297, -2.422
-1.973, -1.733
-2.332, -0.851
-2.320, 0.088
-1.946, 0.941
-1.249, 1.576
-0.331, 1.860
0.643, 1.697
1.452, 1.075
1.864, 0.120
1.755, -0.923
1.167, -1.775
0.280, -2.253
-0.695, -2.308
-1.594, -1.983
-2.301, -1.351
-2.732, -0.499
-2.825, 0.464
-2.558, 1.406
-1.963, 2.188
-1.124, 2.704
-0.152, 2.884
0.822, 2.699
1.667, 2.159
2.245, 1.321
2.430, 0.304
2.158, -0.704
1.454, -1.476
0.485, -1.822
-0.499, -1.663
-1.255, -1.085
-1.645, -0.266
-1.642, 0.607
-1.281, 1.387
-0.634, 1.958
0.201, 2.226
1.093, 2.143
1.900, 1.711
2.492, 0.991
2.776, 0.085
2.701, -0.879
2.263, -1.761
1.510, -2.421
0.552, -2.737
-0.455, -2.641
-1.321, -2.142
-1.882, -1.347
-2.042, -0.424
-1.799, 0.437
-1.235, 1.079
-0.476, 1.402
0.329, 1.359
1.026, 0.968
1.480, 0.309
1.600, -0.490
1.363, -1.276
0.812, -1.908
0.028, -2.274
-0.865, -2.302
-1.725, -1.966
-2.403, -1.305
-2.776, -0.414
-2.778, 0.555
-2.408, 1.449
-1.735, 2.122
-0.871, 2.487
0.051, 2.499
0.895, 2.155
1.520, 1.508
1.807, 0.666
1.697, -0.201
1.215, -0.903
0.487, -1.292
-0.314, -1.307
-1.025, -0.972
-1.525, -0.363
-1.727, 0.417
-1.580, 1.240
-1.090, 1.959
-0.322, 2.433
0.596, 2.567
1.513, 2.333
2.290, 1.765
2.814, 0.941
3.006, -0.036
2.820, -1.033
2.263, -1.896
1.405, -2.473
0.397, -2.647
-0.563, -2.390
-1.285, -1.781
-1.658, -0.979
-1.667, -0.153
-1.354, 0.567
-0.791, 1.085
-0.060, 1.320
0.722, 1.216
1.402, 0.763
1.834, 0.029
1.914, -0.856
1.604, -1.732
0.934, -2.437
-0.004, -2.832
-1.062, -2.821
-2.061, -2.375
-2.811, -1.554
-3.171, -0.500
-3.084, 0.584
-2.602, 1.511
-1.854, 2.149
-0.985, 2.458
-0.110, 2.452
0.684, 2.155
1.312, 1.598
1.678, 0.841
1.704, -0.009
1.356, -0.799
0.679, -1.364
-0.203, -1.565
-1.110, -1.331
-1.835, -0.680
-2.195, 0.264
-2.088, 1.308
-1.516, 2.209
-0.604, 2.779
0.449, 2.915
1.443, 2.635
2.232, 2.027
2.744, 1.213
2.951, 0.297
2.849, -0.626
2.440, -1.467
1.759, -2.116
0.878, -2.472
-0.078, -2.465
-0.952, -2.073
-1.583, -1.357
-1.842, -0.441
-1.669, 0.491
-1.091, 1.240
-0.231, 1.638
0.714, 1.592
1.536, 1.116
2.057, 0.322
2.184, -0.619
1.906, -1.528
1.289, -2.252
0.439, -2.679
-0.511, -2.759
-1.427, -2.479
-2.181, -1.885
-2.663, -1.052
-2.805, -0.102
-2.580, 0.825
-2.028, 1.588
-1.238, 2.068
-0.339, 2.195
0.517, 1.955
1.186, 1.393
1.553, 0.606
1.540, -0.262
1.135, -1.043
0.405, -1.561
-0.501, -1.687
-1.380, -1.376
-2.032, -0.691
-2.317, 0.214
-2.192, 1.150
-1.708, 1.947
-0.965, 2.488
-0.088, 2.714
0.802, 2.609
1.589, 2.200
2.174, 1.544
2.485, 0.730
2.482, -0.135
2.163, -0.934
1.562, -1.553
0.758, -1.884
-0.117, -1.845
-0.895, -1.417
-1.391, -0.666
-1.464, 0.233
-1.086, 1.057
-0.358, 1.586
0.515, 1.703
1.324, 1.423
1.925, 0.845
2.248, 0.096
2.274, -0.713
2.011, -1.489
1.485, -2.134
0.751, -2.562
-0.104, -2.705
-0.969, -2.532
-1.724, -2.048
-2.250, -1.306
-2.450, -0.409
-2.269, 0.497
-1.722, 1.241
-0.911, 1.661
-0.018, 1.662
0.750, 1.257
1.218, 0.565
1.309, -0.236
1.039, -0.973
0.486, -1.520
-0.252, -1.792
-1.059, -1.746
-1.809, -1.371
-2.378, -0.711
-2.661, 0.146
-2.599, 1.074
-2.188, 1.936
-1.475, 2.597
-0.558, 2.952
0.432, 2.944
1.343, 2.566
2.033, 1.879
2.401, 0.997
2.396, 0.065
2.029, -0.763
1.374, -1.353
0.552, -1.606
-0.284, -1.479
-0.966, -0.997
-1.354, -0.262
-1.367, 0.571
-1.003, 1.328
-0.336, 1.859
0.510, 2.065
1.387, 1.904
2.148, 1.398
2.666, 0.621
2.860, -0.309
2.699, -1.259
2.200, -2.098
1.429, -2.709
0.484, -3.009
-0.516, -2.943
-1.420, -2.510
-2.084, -1.762
-2.391, -0.817
-2.265, 0.155
-1.747, 0.901
-1.057, 1.342
-0.249, 1.463
0.472, 1.216
1.023, 0.732
1.297, 0.025
1.260, -0.687
0.899, -1.401
0.265, -1.782
-0.382, -2.076
-1.417, -2.012
-2.108, -1.370
-2.603, -0.733
-2.869, 0.270
-2.642, 1.231
-2.093, 2.082
-1.217, 2.592
-0.288, 2.742
0.624, 2.514
1.314, 1.993
1.749, 1.281
1.855, 0.531
1.704, -0.188
1.283, -0.760
0.715, -1.131
0.006, -1.244
-0.681, -1.026
-1.234, -0.504
-1.488, 0.237
-1.399, 1.052
-0.915, 1.779
-0.138, 2.233
0.788, 2.302
1.663, 1.986
2.371, 1.324
2.702, 0.429
2.670, -0.473
2.308, -1.274
1.726, -1.859
1.002, -2.175
0.276, -2.233
-0.441, -2.060
-1.054, -1.624
-1.419, -0.981
-1.481, -0.241
-1.229, 0.432
-0.686, 0.944
0.030, 1.124
0.777, 0.963
1.370, 0.434
1.669, -0.308
1.590, -1.159
1.153, -1.893
0.418, -2.399
-0.458, -2.555
-1.310, -2.378
-2.081, -1.930
-2.642, -1.189
-2.876, -0.301
-2.783, 0.590
-2.391, 1.389
-1.739, 1.984
-0.927, 2.284
-0.080, 2.250
0.659, 1.887
1.162, 1.274
1.346, 0.530
1.186, -0.198
0.723, -0.763
0.051, -1.053
-0.693, -0.999
-1.353, -0.598
-1.783, 0.086
-1.874, 0.930
-1.586, 1.769
-0.954, 2.441
-0.082, 2.812
0.880, 2.816
1.776, 2.458
2.472, 1.801
2.880, 0.949
2.962, 0.028
2.725, -0.838
2.217, -1.548
1.513, -2.019
0.711, -2.201
-0.081, -2.078
-0.754, -1.666
-1.198, -1.019
-1.318, -0.239
-1.065, 0.522
-0.461, 1.085
0.371, 1.289
1.226, 1.048
1.879, 0.403
2.160, -0.491
2.013, -1.424
1.492, -2.205
0.720, -2.718
-0.171, -2.913
-1.069, -2.794
-1.874, -2.386
-2.504, -1.737
-2.886, -0.910
-2.973, 0.004
-2.740, 0.898
-2.199, 1.660
-1.406, 2.170
-0.468, 2.326
0.452, 2.074
1.165, 1.445
1.495, 0.564
1.364, -0.349
0.817, -1.060
0.024, -1.408
-0.810, -1.350
-1.518, -0.950
-1.999, -0.302
-2.207, 0.491
-2.096, 1.328
-1.675, 2.094
-0.982, 2.671
-0.103, 2.972
0.847, 2.937
1.739, 2.561
2.447, 1.882
2.864, 0.985
2.917, -0.007
2.586, -0.935
1.925, -1.640
1.063, -2.000
0.170, -1.968
-0.585, -1.581
-1.078, -0.937
-1.238, -0.173
-1.050, 0.573
-0.548, 1.159
0.175, 1.465
0.979, 1.418
1.702, 1.017
2.202, 0.333
2.390, -0.511
2.234, -1.376
1.761, -2.132
1.035, -2.672
0.157, -2.920
-0.760, -2.843
-1.592, -2.440
-2.224, -1.768
-2.564, -0.915
-2.560, -0.003
-2.203, 0.825
-1.550, 1.425
-0.721, 1.683
0.111, 1.547
0.764, 1.057
1.097, 0.344
1.055, -0.416
0.678, -1.055
0.068, -1.455
-0.657, -1.563
-1.376, -1.368
-1.985, -0.898
-2.388, -0.206
-2.514, 0.616
-2.326, 1.462
-1.824, 2.208
-1.061, 2.736
-0.133, 2.950
0.820, 2.790
1.639, 2.270
2.171, 1.469
2.312, 0.549
2.056, -0.296
1.499, -0.897
0.800, -1.167
0.117, -1.114
-0.441, -0.803
-0.808, -0.300
-0.929, 0.318
-0.767, 0.955
-0.317, 1.493
0.364, 1.807
1.164, 1.808
1.942, 1.463
2.552, 0.802
2.872, -0.084
2.820, -1.060
2.387, -1.963
1.630, -2.633
0.681, -2.954
-0.286, -2.882
-1.106, -2.469
-1.674, -1.828
-1.959, -1.082
-1.964, -0.323
-1.698, 0.369
-1.184, 0.897
-0.489, 1.156
0.257, 1.069
0.885, 0.634
1.238, -0.064
1.221, -0.870
0.825, -1.603
0.120, -2.105
-0.764, -2.267
-1.667, -2.045
-2.425, -1.466
-2.907, -0.628
-3.038, 0.330
-2.820, 1.263
-2.300, 2.051
-1.554, 2.610
-0.666, 2.887
0.265, 2.840
1.119, 2.457
1.760, 1.775
2.067, 0.904
1.979, 0.005
1.525, -0.741
0.815, -1.192
0.004, -1.275
-0.744, -0.993
-1.288, -0.408
-1.522, 0.370
-1.391, 1.198
-0.901, 1.917
-0.128, 2.384
0.798, 2.502
1.724, 2.241
2.500, 1.631
2.997, 0.757
3.137, -0.255
2.886, -1.251
2.287, -2.079
1.433, -2.610
0.469, -2.780
-0.454, -2.580
-1.208, -2.073
-1.695, -1.345
-1.867, -0.508
-1.694, 0.319
-1.192, 1.002
-0.434, 1.410
0.443, 1.435
1.258, 1.049
1.824, 0.316
2.005, -0.618
1.750, -1.558
1.108, -2.309
0.207, -2.725
-0.779, -2.745
-1.679, -2.391
-2.368, -1.748
-2.776, -0.931
-2.884, -0.046
-2.695, 0.810
-2.234, 1.548
-1.545, 2.082
-0.703, 2.327
0.171, 2.228
0.930, 1.777
1.422, 1.044
1.527, 0.169
1.211, -0.652
0.539, -1.220
-0.323, -1.390
-1.157, -1.128
-1.770, -0.513
-2.044, 0.298
-1.963, 1.135
-1.576, 1.866
-0.958, 2.410
-0.188, 2.719
0.660, 2.755
1.492, 2.495
2.200, 1.952
2.677, 1.179
2.845, 0.281
2.666, -0.617
2.162, -1.373
1.409, -1.856
0.542, -1.979
-0.265, -1.714
-0.837, -1.132
-1.053, -0.381
-0.887, 0.347
-0.411, 0.886
0.244, 1.139
0.944, 1.080
1.570, 0.728
2.021, 0.128
2.214, -0.637
2.088, -1.461
1.645, -2.202
0.937, -2.743
0.074, -2.991
-0.835, -2.922
-1.659, -2.542
-2.300, -1.899
-2.674, -1.075
-2.719, -0.179
-2.425, 0.651
-1.842, 1.278
-1.082, 1.593
-0.299, 1.548
0.349, 1.176
0.735, 0.568
0.782, -0.137
0.479, -0.778
-0.111, -1.200
-0.853, -1.294
-1.581, -1.031
-2.140, -0.464
-2.428, 0.295
-2.411, 1.118
-2.103, 1.899
-1.541, 2.548
-0.770, 2.990
0.135, 3.155
1.072, 2.994
1.907, 2.500
2.513, 1.726
2.781, 0.779
2.658, -0.188
2.160, -1.003
1.386, -1.513
0.500, -1.616
-0.294, -1.312
-0.817, -0.696
-0.973, 0.054
-0.769, 0.759
-0.288, 1.286
0.367, 1.569
1.102, 1.578
1.827, 1.295
2.438, 0.728
2.822, -0.081
2.884, -1.031
2.575, -1.987
1.910, -2.796
0.964, -3.318
-0.128, -3.454
-1.198, -3.164
-2.070, -2.488
-2.588, -1.542
-2.675, -0.513
-2.351, 0.401
-1.735, 1.048
-0.973, 1.366
-0.200, 1.357
0.483, 1.045
0.972, 0.475
1.168, -0.277
0.999, -1.070
0.465, -1.737
-0.349, -2.122
-1.290, -2.125
-2.189, -1.725
-2.880, -0.975
-3.244, 0.015
-3.207, 1.099
-2.756, 2.101
-1.959, 2.866
-0.947, 3.268
0.105, 3.269
1.048, 2.906
1.770, 2.261
2.199, 1.432
2.294, 0.524
2.033, -0.338
1.428, -1.000
0.605, -1.312
-0.256, -1.201
-0.942, -0.705
-1.309, 0.042
-1.299, 0.871
-0.928, 1.623
-0.262, 2.170
0.600, 2.415
1.524, 2.302
2.364, 1.823
2.978, 1.044
3.261, 0.080
3.187, -0.918
2.771, -1.822
2.070, -2.532
1.167, -2.949
0.182, -3.002
-0.738, -2.678
-1.415, -2.032
-1.736, -1.207
-1.674, -0.394
-1.302, 0.248
-0.739, 0.625
-0.113, 0.723
0.494, 0.546
0.976, 0.092
1.213, -0.565
1.117, -1.310
0.674, -1.983
-0.051, -2.424
-0.930, -2.538
-1.816, -2.293
-2.565, -1.721
-3.069, -0.903
-3.243, 0.055
-3.052, 1.012
-2.536, 1.817
-1.783, 2.351
-0.951, 2.558
-0.161, 2.475
0.507, 2.155
1.000, 1.646
1.274, 1.005
1.245, 0.316
0.908, -0.287
0.311, -0.651
-0.398, -0.661
-1.029, -0.297
-1.411, 0.353
-1.438, 1.136
-1.100, 1.878
-0.461, 2.422
0.362, 2.672
1.229, 2.588
2.008, 2.196
2.595, 1.564
2.940, 0.788
3.025, -0.047
2.847, -0.869
2.408, -1.601
1.732, -2.145
0.894, -2.399
0.027, -2.297
-0.697, -1.841
-1.122, -1.134
-1.160, -0.347
-0.828, 0.324
-0.231, 0.728
0.472, 0.785
1.114, 0.500
1.560, -0.053
1.729, -0.761
1.595, -1.499
1.180, -2.151
0.536, -2.633
-0.266, -2.875
-1.148, -2.830
-2.000, -2.468
-2.700, -1.800
-3.124, -0.897
-3.181, 0.112
-2.849, 1.062
-2.189, 1.795
-1.329, 2.193
-0.421, 2.217
0.379, 1.884
0.943, 1.275
1.177, 0.506
1.044, -0.267
0.574, -0.886
-0.130, -1.225
-0.924, -1.209
-1.657, -0.838
-2.185, -0.166
-2.407, 0.698
-2.266, 1.620
-1.765, 2.445
-0.972, 3.035
-0.007, 3.302
0.993, 3.212
1.900, 2.791
2.615, 2.087
3.055, 1.178
3.157, 0.155
2.858, -0.836
2.186, -1.632
1.273, -2.070
0.253, -2.044
-0.594, -1.585
-1.111, -0.820
-1.183, 0.074
-0.845, 0.865
-0.189, 1.393
0.623, 1.566
1.439, 1.376
2.112, 0.875
2.547, 0.144
2.710, -0.713
2.576, -1.602
2.131, -2.445
1.387, -3.116
0.398, -3.516
-0.718, -3.530
-1.776, -3.095
-2.599, -2.287
-3.019, -1.201
-2.958, -0.095
-2.466, 0.830
-1.671, 1.384
-0.798, 1.557
-0.019, 1.328
0.537, 0.836
0.811, 0.186
0.758, -0.507
0.417, -1.101
-0.160, -1.522
-0.898, -1.671
-1.691, -1.511
-2.411, -1.013
-2.908, -0.227
-3.088, 0.760
-2.869, 1.762
-2.256, 2.641
-1.361, 3.226
-0.320, 3.437
0.693, 3.256
1.518, 2.745
2.082, 2.022
2.338, 1.181
2.267, 0.361
1.906, -0.330
1.333, -0.785
0.654, -0.928
0.020, -0.751
-0.432, -0.301
-0.609, 0.306
-0.470, 0.927
-0.030, 1.446
0.627, 1.723
1.393, 1.692
2.098, 1.343
2.635, 0.722
2.923, -0.081
2.920, -0.955
2.614, -1.796
2.025, -2.494
1.213, -2.953
0.290, -3.093
-0.613, -2.884
-1.346, -2.362
-1.796, -1.628
-1.903, -0.824
-1.680, -0.105
-1.201, 0.400
-0.597, 0.615
-0.002, 0.526
0.459, 0.181
0.703, -0.332
0.693, -0.915
0.425, -1.470
-0.083, -1.906
-0.781, -2.128
-1.582, -2.060
-2.354, -1.661
-2.957, -0.956
-3.261, -0.036
-3.200, 0.957
-2.774, 1.862
-2.054, 2.539
-1.157, 2.899
-0.227, 2.907
0.600, 2.582
1.203, 2.002
1.506, 1.284
1.498, 0.564
1.217, -0.043
0.733, -0.450
0.133, -0.604
-0.484, -0.468
-0.995, -0.039
-1.266, 0.627
-1.197, 1.405
-0.757, 2.125
-0.004, 2.618
0.930, 2.767
1.878, 2.527
2.683, 1.940
3.226, 1.095
3.439, 0.113
3.301, -0.880
2.831, -1.758
2.097, -2.400
1.207, -2.731
0.292, -2.719
-0.524, -2.387
-1.132, -1.788
-1.438, -1.012
-1.378, -0.193
-0.952, 0.501
-0.242, 0.903
0.582, 0.906
1.317, 0.499
1.783, -0.224
1.883, -1.103
1.596, -1.966
0.983, -2.663
0.131, -3.099
-0.850, -3.208
-1.837, -2.961
-2.697, -2.375
-3.314, -1.513
-3.596, -0.487
-3.509, 0.575
-3.059, 1.532
-2.301, 2.259
-1.337, 2.638
-0.326, 2.603
0.543, 2.161
1.099, 1.417
1.240, 0.552
0.973, -0.232
0.392, -0.769
-0.354, -0.969
-1.113, -0.809
-1.747, -0.319
-2.136, 0.429
-2.192, 1.319
-1.875, 2.207
-1.212, 2.939
-0.293, 3.391
0.754, 3.484
1.781, 3.195
2.653, 2.562
3.250, 1.662
3.490, 0.617
3.338, -0.425
2.830, -1.307
2.062, -1.905
1.173, -2.146
0.313, -2.018
-0.375, -1.568
-0.771, -0.892
-0.803, -0.135
-0.467, 0.531
0.157, 0.944
0.920, 1.001
1.642, 0.683
2.162, 0.056
2.380, -0.754
2.265, -1.604
1.839, -2.369
1.166, -2.951
0.321, -3.284
-0.601, -3.326
-1.503, -3.061
-2.277, -2.504
-2.821, -1.710
-3.045, -0.772
-2.900, 0.170
-2.405, 0.954
-1.663, 1.429
-0.842, 1.518
-0.137, 1.232
0.290, 0.683
0.371, 0.050
0.132, -0.498
-0.330, -0.844
-0.895, -0.943
-1.467, -0.797
-1.968, -0.427
-2.333, 0.136
-2.494, 0.848
-2.396, 1.634
-2.005, 2.396
-1.334, 3.013
-0.440, 3.368
0.554, 3.377
1.491, 3.007
2.209, 2.314
2.582, 1.426
2.569, 0.522
2.222, -0.225
1.666, -0.709
1.041, -0.898
0.458, -0.819
0.002, -0.518
-0.260, -0.055
-0.272, 0.487
-0.011, 1.000
0.493, 1.362
1.163, 1.478
1.880, 1.290
2.516, 0.798
2.948, 0.050
3.083, -0.859
2.868, -1.797
2.314, -2.619
1.492, -3.196
0.528, -3.445
-0.444, -3.345
-1.296, -2.930
-1.929, -2.268
-2.271, -1.452
-2.276, -0.598
-1.946, 0.147
-1.355, 0.645
-0.646, 0.800
0.011, 0.601
0.464, 0.121
0.620, -0.511
0.459, -1.152
0.011, -1.678
-0.654, -1.990
-1.441, -2.022
-2.238, -1.737
-2.921, -1.143
-3.380, -0.297
-3.521, 0.703
-3.298, 1.730
-2.710, 2.646
-1.821, 3.307
-0.739, 3.596
0.344, 3.463
1.279, 2.930
1.894, 2.109
2.100, 1.177
1.921, 0.359
1.450, -0.260
0.825, -0.579
0.150, -0.602
-0.430, -0.326
-0.840, 0.184
-0.969, 0.857
-0.783, 1.586
-0.270, 2.234
0.539, 2.631
1.503, 2.677
2.484, 2.332
3.298, 1.614
3.809, 0.582
3.903, -0.568
3.565, -1.688
2.865, -2.592
1.915, -3.167
0.871, -3.360
-0.111, -3.176
-0.916, -2.691
-1.456, -1.998
-1.673, -1.190
-1.557, -0.405
-1.125, 0.219
-0.482, 0.560
0.250, 0.548
0.884, 0.174
1.281, -0.496
1.320, -1.311
0.969, -2.099
0.272, -2.708
-0.655, -2.980
-1.644, -2.873
-2.537, -2.412
-3.224, -1.654
-3.610, -0.708
-3.656, 0.304
-3.370, 1.278
-2.773, 2.088
-1.957, 2.621
-1.025, 2.820
-0.132, 2.650
0.582, 2.181
1.001, 1.497
1.070, 0.754
0.796, 0.110
0.257, -0.297
-0.397, -0.368
-1.001, -0.097
-1.415, 0.456
-1.540, 1.164
-1.354, 1.900
-0.871, 2.540
-0.149, 2.987
0.736, 3.167
1.667, 3.021
2.527, 2.541
3.177, 1.774
3.520, 0.824
3.510, -0.170
3.165, -1.070
2.556, -1.759
1.783, -2.166
0.968, -2.251
0.238, -2.026
-0.284, -1.557
-0.520, -0.960
-0.451, -0.372
-0.118, 0.080
0.393, 0.302
0.969, 0.239
1.488, -0.115
1.822, -0.720
1.871, -1.479
1.583, -2.251
0.979, -2.888
0.148, -3.263
-0.779, -3.316
-1.666, -3.051
-2.414, -2.517
-2.953, -1.785
-3.233, -0.924
-3.216, -0.024
-2.896, 0.804
-2.308, 1.439
-1.555, 1.781
-0.775, 1.781
-0.119, 1.462
0.283, 0.911
0.351, 0.267
0.082, -0.304
-0.453, -0.653
-1.117, -0.681
-1.744, -0.372
-2.190, 0.212
-2.372, 0.954
-2.268, 1.741
-1.898, 2.479
-1.283, 3.096
-0.457, 3.515
0.515, 3.651
1.525, 3.440
2.424, 2.875
3.069, 2.014
3.350, 0.986
3.226, -0.045
2.732, -0.907
1.980, -1.461
1.134, -1.630
0.372, -1.428
-0.158, -0.944
-0.374, -0.325
-0.274, 0.284
0.088, 0.766
0.641, 1.044
1.304, 1.070
1.980, 0.801
2.552, 0.231
2.892, -0.590
2.896, -1.554
2.515, -2.506
1.781, -3.287
0.788, -3.764
-0.325, -3.858
-1.398, -3.548
-2.277, -2.885
-2.837, -1.976
-3.017, -0.969
-2.817, -0.026
-2.310, 0.715
-1.609, 1.164
-0.839, 1.280
-0.134, 1.065
0.378, 0.571
0.590, -0.101
0.447, -0.802
-0.030, -1.370
-0.748, -1.670
-1.565, -1.625
-2.331, -1.237
-2.919, -0.554
-3.238, 0.336
-3.224, 1.327
-2.852, 2.292
-2.141, 3.091
-1.174, 3.597
-0.086, 3.724
0.961, 3.454
1.814, 2.834
2.351, 1.977
2.507, 1.028
2.284, 0.155
1.752, -0.491
1.051, -0.804
0.348, -0.759
-0.203, -0.411
-0.507, 0.127
-0.528, 0.734
-0.277, 1.307
0.217, 1.756
0.909, 1.993
1.713, 1.938
2.502, 1.544
3.127, 0.828
3.454, -0.122
3.403, -1.160
2.965, -2.125
2.205, -2.863
1.243, -3.261
0.235, -3.276
-0.654, -2.926
-1.289, -2.308
-1.597, -1.566
-1.584, -0.853
-1.321, -0.278
-0.891, 0.094
-0.380, 0.234
0.133, 0.126
0.549, -0.227
0.761, -0.782
0.679, -1.436
0.272, -2.042
-0.418, -2.452
-1.280, -2.556
-2.168, -2.298
-2.927, -1.699
-3.429, -0.840
-3.592, 0.154
-3.391, 1.138
-2.869, 1.967
-2.123, 2.537
-1.278, 2.800
-0.455, 2.762
0.254, 2.470
0.777, 1.979
1.055, 1.365
1.048, 0.727
0.759, 0.194
0.260, -0.111
-0.322, -0.110
-0.835, 0.203
-1.141, 0.764
-1.152, 1.453
-0.840, 2.131
-0.239, 2.662
0.571, 2.941
1.471, 2.904
2.333, 2.536
3.032, 1.878
3.474, 1.015
3.605, 0.052
3.411, -0.892
2.920, -1.704
2.196, -2.281
1.344, -2.546
0.504, -2.473
-0.185, -2.100
-0.615, -1.525
-0.734, -0.882
-0.555, -0.308
-0.142, 0.085
0.407, 0.220
0.976, 0.063
1.439, -0.376
1.681, -1.034
1.619, -1.805
1.221, -2.548
0.517, -3.128
-0.403, -3.424
-1.414, -3.367
-2.366, -2.944
-3.124, -2.203
-3.572, -1.250
-3.665, -0.221
-3.401, 0.740
-2.864, 1.519
-2.128, 2.034
-1.306, 2.249
-0.507, 2.151
0.152, 1.763
0.556, 1.159
0.629, 0.466
0.356, -0.156
-0.196, -0.554
-0.893, -0.621
-1.571, -0.328
-2.071, 0.279
-2.275, 1.093
-2.124, 1.968
-1.629, 2.752
-0.859, 3.320
0.074, 3.592
1.055, 3.542
1.977, 3.183
2.748, 2.545
3.282, 1.684
3.492, 0.682
3.330, -0.325
2.810, -1.174
2.029, -1.720
1.153, -1.878
0.364, -1.655
-0.183, -1.143
-0.399, -0.490
-0.277, 0.144
0.131, 0.623
0.724, 0.852
1.385, 0.785
1.991, 0.427
2.439, -0.184
2.643, -0.971
2.548, -1.839
2.133, -2.675
1.413, -3.355
0.456, -3.761
-0.617, -3.806
-1.645, -3.458
-2.466, -2.769
-2.959, -1.857
-3.077, -0.887
-2.843, -0.012
-2.345, 0.647
-1.700, 1.021
-1.030, 1.093
-0.451, 0.884
-0.068, 0.459
0.046, -0.082
-0.133, -0.612
-0.577, -1.005
-1.203, -1.154
-1.891, -1.000
-2.511, -0.538
-2.936, 0.185
-3.068, 1.071
-2.865, 1.991
-2.337, 2.813
-1.548, 3.413
-0.597, 3.718
0.391, 3.689
1.301, 3.342
2.018, 2.722
2.456, 1.925
2.562, 1.072
2.347, 0.306
1.880, -0.247
1.286, -0.505
0.710, -0.451
0.289, -0.136
0.115, 0.334
0.225, 0.831
0.595, 1.228
1.157, 1.425
1.807, 1.362
2.439, 1.025
2.949, 0.438
3.252, -0.344
3.277, -1.243
2.985, -2.149
2.376, -2.937
1.514, -3.484
0.510, -3.694
-0.488, -3.537
-1.329, -3.048
-1.896, -2.330
-2.131, -1.520
-2.044, -0.763
-1.698, -0.177
-1.198, 0.159
-0.665, 0.220
-0.211, 0.029
0.072, -0.353
0.128, -0.839
-0.066, -1.333
-0.503, -1.737
-1.145, -1.952
-1.908, -1.891
-2.668, -1.501
-3.276, -0.797
-3.598, 0.142
-3.554, 1.172
-3.133, 2.133
-2.404, 2.878
-1.481, 3.307
-0.508, 3.390
0.384, 3.143
1.086, 2.633
1.522, 1.958
1.663, 1.235
1.522, 0.578
1.157, 0.085
0.649, -0.178
0.099, -0.172
-0.385, 0.104
-0.690, 0.616
-0.713, 1.265
-0.402, 1.918
0.222, 2.416
1.066, 2.627
1.983, 2.476
2.814, 1.966
3.421, 1.163
3.715, 0.184
3.655, -0.843
3.253, -1.784
2.566, -2.524
1.692, -2.970
0.757, -3.080
-0.108, -2.867
-0.793, -2.389
-1.220, -1.734
-1.344, -1.016
-1.165, -0.355
-0.728, 0.125
-0.135, 0.327
0.476, 0.210
0.962, -0.202
1.206, -0.823
1.146, -1.531
0.774, -2.194
0.129, -2.693
-0.710, -2.930
-1.632, -2.839
-2.498, -2.402
-3.169, -1.661
-3.534, -0.719
-3.545, 0.282
-3.211, 1.201
-2.604, 1.917
-1.824, 2.354
-0.990, 2.475
-0.224, 2.291
0.363, 1.860
0.693, 1.273
0.731, 0.651
0.493, 0.115
0.039, -0.232
-0.535, -0.315
-1.111, -0.100
-1.558, 0.398
-1.757, 1.105
-1.626, 1.895
-1.155, 2.616
-0.401, 3.126
0.521, 3.326
1.469, 3.182
2.311, 2.722
2.948, 2.016
3.319, 1.157
3.392, 0.242
3.169, -0.624
2.680, -1.340
2.001, -1.816
1.237, -1.991
0.515, -1.856
-0.034, -1.454
-0.309, -0.891
-0.268, -0.304
0.065, 0.156
0.596, 0.369
1.186, 0.274
1.688, -0.119
1.983, -0.735
2.002, -1.460
1.736, -2.178
1.210, -2.785
0.481, -3.199
-0.375, -3.361
-1.267, -3.231
-2.086, -2.804
-2.719, -2.118
-3.072, -1.261
-3.095, -0.356
-2.795, 0.455
-2.245, 1.049
-1.564, 1.343
-0.897, 1.323
-0.376, 1.038
-0.092, 0.591
-0.077, 0.104
-0.310, -0.306
-0.732, -0.548
-1.258, -0.564
-1.792, -0.323
-2.229, 0.168
-2.463, 0.859
-2.419, 1.657
-2.061, 2.439
-1.415, 3.075
-0.555, 3.458
0.400, 3.519
1.319, 3.246
2.074, 2.682
2.569, 1.916
2.754, 1.069
2.634, 0.263
2.257, -0.391
1.706, -0.815
1.085, -0.968
0.506, -0.844
0.079, -0.485
-0.105, 0.028
0.003, 0.572
0.394, 1.008
0.994, 1.216
1.677, 1.121
2.302, 0.718
2.746, 0.059
2.924, -0.758
2.799, -1.622
2.375, -2.422
1.690, -3.053
0.809, -3.430
-0.157, -3.483
-1.078, -3.201
-1.826, -2.615
-2.297, -1.827
-2.427, -0.958
-2.218, -0.158
-1.733, 0.440
-1.088, 0.742
-0.429, 0.716
0.100, 0.397
0.394, -0.119
0.402, -0.706
0.134, -1.242
-0.358, -1.632
-1.007, -1.810
-1.734, -1.729
-2.446, -1.358
-3.025, -0.701
-3.350, 0.182
-3.331, 1.179
-2.935, 2.129
-2.211, 2.881
-1.270, 3.310
-0.267, 3.364
0.642, 3.058
1.324, 2.477
1.702, 1.744
1.761, 1.001
1.543, 0.365
1.128, -0.073
0.612, -0.269
0.093, -0.214
-0.337, 0.076
-0.594, 0.556
-0.602, 1.148
-0.319, 1.743
0.248, 2.207
1.026, 2.420
1.892, 2.300
2.695, 1.835
3.292, 1.074
3.584, 0.130
3.528, -0.860
3.142, -1.760
2.489, -2.460
1.670, -2.884
0.800, -3.001
-0.005, -2.823
-0.647, -2.401
-1.050, -1.822
-1.180, -1.194
-1.046, -0.627
-0.699, -0.222
-0.225, -0.052
0.263, -0.153
0.643, -0.507
0.810, -1.045
0.698, -1.659
0.293, -2.217
-0.356, -2.602
-1.160, -2.720
-2.007, -2.532
-2.769, -2.035
-3.336, -1.281
-3.618, -0.360
-3.572, 0.606
-3.204, 1.485
-2.580, 2.161
-1.804, 2.563
-0.996, 2.665
-0.267, 2.491
0.293, 2.106
0.625, 1.591
0.703, 1.047
0.540, 0.577
0.191, 0.279
-0.254, 0.216
-0.680, 0.410
-0.974, 0.832
-1.042, 1.406
-0.832, 2.023
-0.337, 2.558
0.392, 2.888
1.251, 2.925
2.106, 2.628
2.815, 2.031
3.273, 1.219
3.424, 0.318
3.272, -0.553
2.863, -1.293
2.267, -1.830
1.571, -2.122
0.862, -2.149
0.243, -1.929
-0.197, -1.515
-0.393, -0.998
-0.323, -0.492
-0.019, -0.112
0.444, 0.047
0.951, -0.067
1.373, -0.455
1.587, -1.057
1.508, -1.762
1.115, -2.425
0.452, -2.912
-0.376, -3.124
-1.246, -3.028
-2.036, -2.643
-2.656, -2.020
-3.040, -1.235
-3.147, -0.376
-2.961, 0.453
-2.510, 1.144
-1.868, 1.601
-1.144, 1.767
-0.464, 1.636
0.053, 1.256
0.322, 0.723
0.301, 0.157
0.007, -0.315
-0.494, -0.581
-1.092, -0.569
-1.654, -0.264
-2.061, 0.293
-2.220, 1.017
-2.085, 1.796
-1.652, 2.512
-0.963, 3.057
-0.095, 3.339
0.841, 3.302
1.717, 2.937
2.406, 2.292
2.813, 1.459
2.890, 0.570
2.649, -0.242
2.155, -0.861
1.509, -1.210
0.835, -1.263
0.253, -1.041
-0.139, -0.611
-0.276, -0.069
-0.136, 0.471
0.258, 0.894
0.842, 1.102
1.510, 1.025
2.135, 0.644
2.589, -0.004
2.771, -0.826
2.626, -1.698
2.166, -2.486
1.448, -3.074
0.566, -3.388
-0.365, -3.385
-1.229, -3.072
-1.917, -2.500
-2.346, -1.752
-2.471, -0.944
-2.300, -0.198
-1.885, 0.377
-1.320, 0.703
-0.721, 0.744
-0.212, 0.515
0.100, 0.082
0.144, -0.447
-0.092, -0.939
-0.561, -1.277
-1.171, -1.375
-1.808, -1.208
-2.371, -0.787
-2.776, -0.157
-2.957, 0.618
-2.863, 1.458
-2.473, 2.255
-1.813, 2.891
-0.961, 3.263
-0.042, 3.313
0.812, 3.039
1.479, 2.509
1.879, 1.816
1.981, 1.090
1.807, 0.449
1.430, -0.004
0.957, -0.214
0.501, -0.177
0.160, 0.061
-0.006, 0.427
0.030, 0.840
0.274, 1.226
0.709, 1.506
1.296, 1.601
1.954, 1.438
2.562, 0.991
2.991, 0.292
3.141, -0.562
2.966, -1.441
2.488, -2.210
1.776, -2.759
0.938, -3.022
0.098, -2.979
-0.632, -2.667
-1.162, -2.155
-1.444, -1.546
-1.477, -0.942
-1.295, -0.431
-0.955, -0.081
-0.531, 0.068
-0.106, -0.004
0.227, -0.287
0.378, -0.730
0.280, -1.238
-0.081, -1.690
-0.659, -1.967
-1.361, -1.982
-2.061, -1.705
-2.636, -1.159
-2.991, -0.415
-3.060, 0.424
-2.831, 1.240
-2.335, 1.919
-1.653, 2.371
-0.886, 2.547
-0.149, 2.446
0.459, 2.107
0.864, 1.605
1.024, 1.030
0.933, 0.488
0.629, 0.074
0.183, -0.133
-0.301, -0.090
-0.713, 0.197
-0.951, 0.674
-0.950, 1.254
-0.681, 1.827
-0.162, 2.284
0.548, 2.526
1.349, 2.484
2.118, 2.130
2.726, 1.500
3.070, 0.676
3.090, -0.210
2.802, -1.030
2.256, -1.664
1.558, -2.036
0.823, -2.122
0.165, -1.942
-0.331, -1.555
-0.605, -1.044
-0.633, -0.506
-0.427, -0.035
-0.029, 0.280
0.485, 0.372
1.016, 0.202
1.448, -0.226
1.673, -0.858
1.609, -1.590
1.225, -2.291
0.555, -2.819
-0.303, -3.064
-1.215, -2.969
-2.035, -2.548
-2.644, -1.871
-2.971, -1.050
-2.999, -0.204
-2.757, 0.563
-2.296, 1.167
-1.691, 1.555
-1.026, 1.688
-0.403, 1.559
0.076, 1.202
0.323, 0.696
0.294, 0.158
0.000, -0.287
-0.492, -0.528
-1.072, -0.494
-1.609, -0.171
-1.981, 0.397
-2.095, 1.120
-1.909, 1.876
-1.434, 2.541
-0.732, 3.010
0.104, 3.215
0.972, 3.131
1.767, 2.770
2.400, 2.169
2.792, 1.404
2.897, 0.570
2.708, -0.213
2.274, -0.833
1.686, -1.211
1.060, -1.315
0.511, -1.165
0.130, -0.826
-0.030, -0.388
0.047, 0.049
0.338, 0.387
0.784, 0.545
1.298, 0.465
1.769, 0.136
2.092, -0.410
2.180, -1.094
1.996, -1.810
1.542, -2.444
0.874, -2.896
0.074, -3.094
-0.750, -3.008
-1.489, -2.656
-2.051, -2.092
-2.380, -1.404
-2.456, -0.683
-2.295, -0.024
-1.938, 0.500
-1.450, 0.828
-0.916, 0.926
-0.433, 0.791
-0.099, 0.466
0.015, 0.037
-0.114, -0.385
-0.455, -0.688
-0.933, -0.789
-1.444, -0.650
-1.879, -0.280
-2.153, 0.267
-2.208, 0.913
-2.024, 1.568
-1.612, 2.141
-1.016, 2.555
-0.302, 2.747
0.440, 2.687
1.110, 2.376
1.617, 1.860
1.888, 1.218
1.896, 0.558
1.658, -0.009
1.243, -0.391
0.749, -0.538
0.284, -0.446
-0.054, -0.158
-0.200, 0.248
-0.127, 0.680
0.153, 1.046
0.596, 1.270
1.137, 1.296
1.693, 1.094
2.173, 0.666
2.487, 0.047
2.559, -0.687
2.351, -1.431
1.875, -2.064
1.195, -2.482
0.420, -2.619
-0.325, -2.465
-0.927, -2.065
-1.306, -1.503
-1.427, -0.888
-1.301, -0.327
-0.980, 0.093
-0.540, 0.311
-0.073, 0.304
0.329, 0.082
0.588, -0.312
0.643, -0.807
0.463, -1.318
0.052, -1.748
-0.550, -2.000
-1.260, -1.998
-1.967, -1.706
-2.541, -1.141
-2.878, -0.377
-2.911, 0.470
-2.636, 1.271
-2.103, 1.907
-1.400, 2.299
-0.639, 2.403
0.064, 2.231
0.612, 1.835
0.936, 1.300
1.005, 0.726
0.833, 0.220
0.472, -0.131
0.005, -0.268
-0.477, -0.163
-0.871, 0.170
-1.087, 0.684
-1.056, 1.292
-0.748, 1.881
-0.189, 2.336
0.548, 2.556
1.355, 2.485
2.112, 2.116
2.705, 1.489
3.047, 0.682
3.088, -0.193
2.822, -1.013
2.299, -1.666
1.611, -2.068
0.873, -2.182
0.202, -2.028
-0.309, -1.662
-0.603, -1.172
-0.656, -0.654
-0.482, -0.201
-0.129, 0.099
0.324, 0.185
0.779, 0.032
1.133, -0.341
1.299, -0.877
1.220, -1.488
0.879, -2.070
0.296, -2.512
-0.458, -2.719
-1.278, -2.629
-2.032, -2.236
-2.597, -1.590
-2.893, -0.795
-2.889, 0.027
-2.616, 0.761
-2.138, 1.321
-1.541, 1.657
-0.915, 1.760
