StatType:1
NumBins:1912
StartFreq:491898100
PerBin:real and imaginary coefficients
-1.422, 0.189
-1.199, 0.580
-0.861, 0.844
-0.467, 0.958
-0.078, 0.908
0.242, 0.713
0.443, 0.413
0.493, 0.063
0.382, -0.272
0.131, -0.527
-0.219, -0.648
-0.605, -0.603
-0.955, -0.388
-1.200, -0.028
-1.285, 0.423
-1.182, 0.891
-0.899, 1.298
-0.476, 1.576
0.022, 1.678
0.522, 1.594
0.949, 1.340
1.249, 0.961
1.387, 0.518
1.355, 0.079
1.175, -0.295
0.885, -0.555
0.541, -0.671
0.203, -0.635
-0.070, -0.467
-0.229, -0.201
-0.245, 0.103
-0.110, 0.386
0.154, 0.584
0.502, 0.644
0.869, 0.538
1.180, 0.271
1.369, -0.124
1.392, -0.584
1.236, -1.035
0.919, -1.406
0.487, -1.642
0.002, -1.710
-0.468, -1.608
-0.861, -1.358
-1.131, -1.003
-1.252, -0.598
-1.222, -0.203
-1.060, 0.128
-0.803, 0.349
-0.504, 0.436
-0.221, 0.383
-0.012, 0.212
0.079, -0.036
0.029, -0.301
-0.159, -0.516
-0.452, -0.624
-0.793, -0.585
-1.113, -0.389
-1.344, -0.056
-1.436, 0.366
-1.361, 0.815
-1.123, 1.218
-0.747, 1.517
-0.291, 1.667
0.186, 1.651
0.620, 1.474
0.954, 1.166
1.150, 0.775
1.190, 0.362
1.079, -0.014
0.845, -0.298
0.535, -0.452
0.207, -0.457
-0.075, -0.318
-0.256, -0.065
-0.294, 0.248
-0.175, 0.555
0.090, 0.788
0.457, 0.886
0.858, 0.814
1.220, 0.569
1.468, 0.180
1.552, -0.293
1.450, -0.777
1.176, -1.195
0.769, -1.487
0.289, -1.613
-0.195, -1.562
-0.618, -1.349
-0.925, -1.010
-1.081, -0.599
-1.071, -0.176
-0.904, 0.195
-0.611, 0.457
-0.243, 0.568
0.132, 0.508
0.442, 0.285
0.623, -0.063
0.629, -0.470
0.446, -0.857
0.096, -1.143
-0.363, -1.264
-0.852, -1.186
-1.287, -0.913
-1.593, -0.485
-1.718, 0.033
-1.648, 0.562
-1.393, 1.029
-0.994, 1.369
-0.510, 1.541
-0.012, 1.528
0.432, 1.341
0.761, 1.016
0.932, 0.607
0.928, 0.183
0.756, -0.186
0.452, -0.439
0.076, -0.530
-0.301, -0.444
-0.605, -0.190
-0.770, 0.183
-0.750, 0.610
-0.545, 1.012
-0.171, 1.306
0.311, 1.431
0.819, 1.354
1.274, 1.084
1.600, 0.656
1.748, 0.136
1.697, -0.399
1.462, -0.873
1.083, -1.222
0.620, -1.405
0.143, -1.407
-0.281, -1.240
-0.593, -0.941
-0.755, -0.563
-0.748, -0.172
-0.581, 0.166
-0.289, 0.388
0.070, 0.452
0.423, 0.342
0.695, 0.073
0.823, -0.307
0.769, -0.728
0.531, -1.104
0.144, -1.362
-0.333, -1.451
-0.822, -1.346
-1.242, -1.062
-1.531, -0.641
-1.646, -0.147
-1.580, 0.349
-1.346, 0.777
-0.986, 1.085
-0.557, 1.236
-0.122, 1.220
0.256, 1.047
0.523, 0.756
0.641, 0.399
0.598, 0.043
0.407, -0.248
0.110, -0.416
-0.233, -0.428
-0.549, -0.278
-0.771, 0.011
-0.846, 0.388
-0.749, 0.779
-0.484, 1.108
-0.096, 1.310
0.353, 1.346
0.790, 1.204
1.145, 0.907
1.363, 0.501
1.417, 0.048
1.302, -0.384
1.045, -0.735
0.688, -0.957
0.285, -1.024
-0.093, -0.934
-0.397, -0.704
-0.569, -0.386
-0.592, -0.033
-0.458, 0.292
-0.192, 0.524
0.156, 0.615
0.519, 0.538
0.824, 0.300
1.003, -0.061
1.013, -0.481
0.843, -0.883
0.516, -1.189
0.086, -1.344
-0.375, -1.320
-0.792, -1.121
-1.101, -0.780
-1.256, -0.354
-1.239, 0.092
-1.059, 0.491
-0.745, 0.784
-0.350, 0.931
0.064, 0.909
0.433, 0.724
0.693, 0.405
0.798, 0.002
0.722, -0.415
0.471, -0.772
0.081, -0.995
-0.383, -1.036
-0.837, -0.875
-1.196, -0.531
-1.388, -0.062
-1.378, 0.455
-1.163, 0.930
-0.781, 1.284
-0.296, 1.464
0.213, 1.445
0.672, 1.239
1.011, 0.882
1.183, 0.430
1.168, -0.039
0.975, -0.460
0.636, -0.763
0.206, -0.902
-0.244, -0.853
-0.638, -0.621
-0.902, -0.234
-0.985, 0.237
-0.861, 0.718
-0.538, 1.116
-0.064, 1.361
0.483, 1.392
1.015, 1.202
1.438, 0.811
1.681, 0.280
1.703, -0.307
1.505, -0.853
1.120, -1.281
0.615, -1.526
0.072, -1.567
-0.432, -1.400
-0.819, -1.073
-1.043, -0.642
-1.078, -0.174
-0.926, 0.253
-0.621, 0.574
-0.216, 0.735
0.218, 0.706
0.603, 0.489
0.861, 0.118
0.939, -0.346
0.806, -0.818
0.473, -1.208
-0.009, -1.437
-0.562, -1.453
-1.090, -1.242
-1.500, -0.840
-1.726, -0.309
-1.738, 0.264
-1.542, 0.791
-1.177, 1.201
-0.704, 1.442
-0.194, 1.494
0.276, 1.360
0.649, 1.071
0.870, 0.681
0.916, 0.254
0.785, -0.134
0.512, -0.420
0.146, -0.552
-0.237, -0.504
-0.559, -0.281
-0.749, 0.070
-0.759, 0.490
-0.577, 0.884
-0.230, 1.177
0.228, 1.309
0.711, 1.235
1.136, 0.981
1.434, 0.572
1.562, 0.080
1.494, -0.422
1.249, -0.856
0.872, -1.166
0.417, -1.306
-0.040, -1.269
-0.435, -1.067
-0.708, -0.740
-0.823, -0.347
-0.770, 0.047
-0.561, 0.368
-0.233, 0.562
0.144, 0.595
0.499, 0.453
0.762, 0.158
0.870, -0.238
0.795, -0.656
0.541, -1.018
0.144, -1.247
-0.331, -1.294
-0.792, -1.147
-1.164, -0.828
-1.380, -0.392
-1.420, 0.090
-1.266, 0.549
-0.961, 0.910
-0.551, 1.121
-0.100, 1.163
0.319, 1.031
0.645, 0.752
0.832, 0.369
0.845, -0.050
0.686, -0.438
0.375, -0.722
-0.037, -0.847
-0.469, -0.786
-0.846, -0.535
-1.084, -0.138
-1.135, 0.338
-0.978, 0.801
-0.637, 1.166
-0.170, 1.364
0.341, 1.357
0.808, 1.148
1.154, 0.772
1.323, 0.295
1.294, -0.205
1.074, -0.649
0.703, -0.969
0.240, -1.115
-0.242, -1.069
-0.667, -0.834
-0.966, -0.446
-1.087, 0.038
-1.003, 0.541
-0.716, 0.982
-0.262, 1.281
0.293, 1.379
0.860, 1.245
1.344, 0.886
1.658, 0.352
1.739, -0.275
1.567, -0.891
1.168, -1.393
0.611, -1.701
-0.012, -1.769
-0.599, -1.599
-1.061, -1.229
-1.337, -0.729
-1.397, -0.184
-1.247, 0.323
-0.922, 0.715
-0.481, 0.938
0.000, 0.960
0.443, 0.784
0.770, 0.439
0.924, -0.018
0.869, -0.510
0.602, -0.948
0.156, -1.247
-0.396, -1.339
-0.959, -1.189
-1.433, -0.809
-1.720, -0.256
-1.767, 0.377
-1.561, 0.983
-1.139, 1.462
-0.573, 1.740
0.044, 1.785
0.617, 1.601
1.065, 1.228
1.333, 0.732
1.390, 0.195
1.246, -0.306
0.929, -0.697
0.498, -0.924
0.021, -0.958
-0.421, -0.794
-0.753, -0.460
-0.912, -0.012
-0.863, 0.471
-0.605, 0.897
-0.176, 1.182
0.351, 1.261
0.877, 1.108
1.304, 0.743
1.550, 0.228
1.570, -0.348
1.361, -0.885
0.962, -1.293
0.445, -1.513
-0.104, -1.518
-0.597, -1.319
-0.967, -0.959
-1.165, -0.501
-1.171, -0.018
-0.992, 0.417
-0.665, 0.737
-0.245, 0.896
0.199, 0.866
0.592, 0.656
0.861, 0.298
0.955, -0.149
0.847, -0.603
0.550, -0.978
0.112, -1.197
-0.390, -1.212
-0.859, -1.012
-1.206, -0.633
-1.367, -0.145
-1.316, 0.363
-1.069, 0.800
-0.676, 1.095
-0.211, 1.208
0.247, 1.128
0.625, 0.882
0.868, 0.514
0.945, 0.088
0.841, -0.328
0.582, -0.666
0.200, -0.867
-0.237, -0.894
-0.656, -0.734
-0.979, -0.402
-1.142, 0.046
-1.102, 0.539
-0.854, 0.983
-0.433, 1.292
0.084, 1.403
0.605, 1.292
1.035, 0.977
1.298, 0.522
1.356, 0.009
1.208, -0.474
0.887, -0.848
0.456, -1.059
-0.013, -1.081
-0.446, -0.914
-0.771, -0.590
-0.937, -0.160
-0.912, 0.305
-0.694, 0.727
-0.312, 1.032
0.178, 1.160
0.698, 1.075
1.159, 0.776
1.474, 0.300
1.577, -0.283
1.438, -0.875
1.069, -1.376
0.526, -1.697
-0.099, -1.781
-0.704, -1.616
-1.191, -1.237
-1.487, -0.712
-1.555, -0.130
-1.397, 0.415
-1.052, 0.840
-0.583, 1.087
-0.069, 1.124
0.404, 0.955
0.762, 0.612
0.947, 0.153
0.923, -0.347
0.690, -0.803
0.275, -1.132
-0.260, -1.268
-0.830, -1.168
-1.333, -0.832
-1.671, -0.299
-1.772, 0.346
-1.607, 0.996
-1.193, 1.538
-0.599, 1.879
0.077, 1.968
0.728, 1.795
1.254, 1.398
1.585, 0.851
1.685, 0.240
1.554, -0.340
1.226, -0.812
0.762, -1.114
0.234, -1.210
-0.275, -1.095
-0.688, -0.791
-0.938, -0.349
-0.983, 0.158
-0.809, 0.643
-0.438, 1.017
0.069, 1.204
0.625, 1.159
1.126, 0.877
1.477, 0.400
1.604, -0.194
1.478, -0.797
1.118, -1.302
0.589, -1.624
-0.017, -1.714
-0.599, -1.565
-1.070, -1.213
-1.363, -0.724
-1.445, -0.179
-1.317, 0.340
-1.011, 0.757
-0.581, 1.014
-0.096, 1.081
0.367, 0.951
0.733, 0.647
0.942, 0.222
0.956, -0.255
0.766, -0.702
0.398, -1.033
-0.086, -1.184
-0.602, -1.115
-1.051, -0.830
-1.345, -0.375
-1.427, 0.164
-1.280, 0.691
-0.935, 1.109
-0.459, 1.350
0.062, 1.382
0.541, 1.211
0.903, 0.876
1.099, 0.439
1.107, -0.025
0.936, -0.444
0.619, -0.753
0.209, -0.906
-0.224, -0.879
-0.607, -0.675
-0.874, -0.326
-0.973, 0.108
-0.877, 0.555
-0.596, 0.928
-0.172, 1.152
0.316, 1.177
0.775, 0.992
1.117, 0.628
1.274, 0.154
1.226, -0.337
0.981, -0.760
0.592, -1.042
0.130, -1.137
-0.322, -1.039
-0.688, -0.770
-0.909, -0.381
-0.951, 0.062
-0.810, 0.483
-0.507, 0.812
-0.088, 0.993
0.379, 0.989
0.819, 0.789
1.153, 0.416
1.316, -0.079
1.263, -0.617
0.990, -1.104
0.533, -1.450
-0.035, -1.586
-0.617, -1.483
-1.109, -1.155
-1.427, -0.662
-1.521, -0.092
-1.384, 0.457
-1.048, 0.892
-0.579, 1.149
-0.064, 1.194
0.413, 1.033
0.776, 0.701
0.971, 0.256
0.968, -0.229
0.767, -0.675
0.394, -1.009
-0.098, -1.169
-0.634, -1.114
-1.124, -0.837
-1.478, -0.366
-1.622, 0.233
-1.511, 0.864
-1.147, 1.419
-0.581, 1.792
0.097, 1.913
0.770, 1.757
1.323, 1.355
1.670, 0.780
1.768, 0.133
1.616, -0.483
1.255, -0.976
0.752, -1.285
0.189, -1.378
-0.351, -1.253
-0.791, -0.937
-1.070, -0.481
-1.148, 0.045
-1.010, 0.562
-0.671, 0.987
-0.179, 1.245
0.393, 1.283
0.949, 1.077
1.386, 0.650
1.620, 0.063
1.592, -0.584
1.299, -1.176
0.786, -1.601
0.146, -1.783
-0.507, -1.699
-1.062, -1.369
-1.437, -0.862
-1.581, -0.267
-1.489, 0.319
-1.190, 0.808
-0.741, 1.136
-0.216, 1.264
0.307, 1.181
0.750, 0.906
1.047, 0.484
1.155, -0.020
1.053, -0.528
0.754, -0.960
0.300, -1.241
-0.240, -1.316
-0.776, -1.164
-1.211, -0.800
-1.463, -0.282
-1.480, 0.297
-1.259, 0.831
-0.842, 1.221
-0.312, 1.404
0.231, 1.354
0.691, 1.097
0.995, 0.688
1.102, 0.209
1.007, -0.256
0.738, -0.631
0.347, -0.857
-0.098, -0.903
-0.522, -0.762
-0.856, -0.458
-1.041, -0.035
-1.040, 0.439
-0.842, 0.888
-0.469, 1.232
0.027, 1.404
0.565, 1.364
1.052, 1.106
1.400, 0.672
1.548, 0.135
1.470, -0.411
1.187, -0.871
0.756, -1.172
0.260, -1.269
-0.213, -1.162
-0.583, -0.883
-0.794, -0.494
-0.819, -0.069
-0.665, 0.314
-0.366, 0.588
0.023, 0.706
0.430, 0.642
0.781, 0.402
1.008, 0.021
1.056, -0.442
0.903, -0.906
0.560, -1.286
0.074, -1.506
-0.479, -1.517
-1.004, -1.304
-1.410, -0.897
-1.625, -0.361
-1.614, 0.212
-1.382, 0.725
-0.978, 1.095
-0.478, 1.268
0.028, 1.228
0.457, 0.995
0.741, 0.621
0.840, 0.175
0.742, -0.263
0.467, -0.616
0.063, -0.820
-0.404, -0.831
-0.849, -0.638
-1.191, -0.259
-1.357, 0.252
-1.301, 0.819
-1.012, 1.341
-0.520, 1.727
0.107, 1.897
0.765, 1.809
1.350, 1.470
1.761, 0.932
1.935, 0.284
1.852, -0.368
1.536, -0.925
1.051, -1.308
0.479, -1.469
-0.088, -1.400
-0.562, -1.126
-0.877, -0.701
-0.989, -0.200
-0.886, 0.294
-0.587, 0.697
-0.142, 0.939
0.375, 0.971
0.875, 0.777
1.266, 0.373
1.463, -0.180
1.417, -0.792
1.114, -1.358
0.592, -1.771
-0.067, -1.949
-0.756, -1.854
-1.356, -1.496
-1.773, -0.938
-1.944, -0.271
-1.852, 0.396
-1.524, 0.965
-1.025, 1.354
-0.431, 1.525
0.159, 1.457
0.663, 1.177
1.010, 0.735
1.154, 0.205
1.076, -0.334
0.789, -0.795
0.336, -1.105
-0.213, -1.207
-0.771, -1.073
-1.239, -0.713
-1.532, -0.177
-1.586, 0.450
-1.378, 1.062
-0.933, 1.550
-0.325, 1.824
0.343, 1.836
0.958, 1.589
1.421, 1.128
1.663, 0.539
1.660, -0.078
1.428, -0.625
1.019, -1.024
0.511, -1.226
-0.014, -1.213
-0.476, -1.003
-0.807, -0.637
-0.959, -0.177
-0.909, 0.302
-0.665, 0.719
-0.265, 1.000
0.227, 1.090
0.723, 0.963
1.132, 0.633
1.374, 0.149
1.396, -0.402
1.186, -0.922
0.781, -1.313
0.252, -1.507
-0.303, -1.471
-0.786, -1.221
-1.120, -0.810
-1.258, -0.318
-1.191, 0.170
-0.945, 0.575
-0.569, 0.840
-0.129, 0.926
0.300, 0.826
0.646, 0.559
0.850, 0.170
0.870, -0.275
0.698, -0.696
0.357, -1.015
-0.101, -1.168
-0.597, -1.117
-1.042, -0.858
-1.350, -0.429
-1.458, 0.098
-1.342, 0.629
-1.019, 1.066
-0.554, 1.333
-0.034, 1.390
0.456, 1.234
0.831, 0.906
1.033, 0.468
1.039, 0.000
0.856, -0.419
0.521, -0.717
0.094, -0.845
-0.347, -0.782
-0.726, -0.532
-0.972, -0.137
-1.031, 0.342
-0.881, 0.823
-0.529, 1.217
-0.026, 1.444
0.551, 1.447
1.101, 1.208
1.519, 0.756
1.725, 0.164
1.678, -0.467
1.385, -1.026
0.900, -1.422
0.309, -1.594
-0.289, -1.522
-0.799, -1.230
-1.146, -0.773
-1.285, -0.230
-1.201, 0.315
-0.913, 0.777
-0.468, 1.087
0.067, 1.197
0.609, 1.082
1.071, 0.755
1.372, 0.256
1.451, -0.340
1.280, -0.938
0.869, -1.431
0.279, -1.727
-0.394, -1.760
-1.031, -1.515
-1.519, -1.032
-1.768, -0.397
-1.743, 0.276
-1.455, 0.871
-0.966, 1.291
-0.367, 1.475
0.240, 1.407
0.755, 1.109
1.102, 0.640
1.230, 0.078
1.124, -0.484
0.800, -0.960
0.307, -1.273
-0.282, -1.367
-0.877, -1.219
-1.384, -0.837
-1.715, -0.269
-1.802, 0.407
-1.614, 1.084
-1.167, 1.650
-0.522, 2.004
0.216, 2.082
0.927, 1.866
1.494, 1.395
1.826, 0.750
1.878, 0.045
1.656, -0.603
1.214, -1.092
0.638, -1.355
0.028, -1.367
-0.516, -1.144
-0.914, -0.729
-1.107, -0.200
-1.070, 0.360
-0.807, 0.859
-0.358, 1.216
0.210, 1.367
0.807, 1.277
1.339, 0.951
1.713, 0.427
1.862, -0.217
1.749, -0.886
1.383, -1.470
0.819, -1.874
0.145, -2.030
-0.527, -1.918
-1.090, -1.567
-1.460, -1.045
-1.593, -0.449
-1.487, 0.119
-1.181, 0.572
-0.743, 0.843
-0.260, 0.901
0.178, 0.753
0.494, 0.437
0.631, 0.021
0.566, -0.414
0.309, -0.780
-0.096, -1.006
-0.582, -1.040
-1.061, -0.861
-1.445, -0.485
-1.660, 0.035
-1.655, 0.619
-1.420, 1.169
-0.987, 1.594
-0.424, 1.824
0.177, 1.824
0.722, 1.603
1.128, 1.204
1.339, 0.701
1.335, 0.182
1.135, -0.264
0.789, -0.567
0.372, -0.686
-0.035, -0.612
-0.354, -0.369
-0.525, -0.009
-0.509, 0.396
-0.304, 0.764
0.063, 1.017
0.533, 1.092
1.020, 0.956
1.433, 0.613
1.689, 0.109
1.728, -0.478
1.532, -1.051
1.123, -1.513
0.566, -1.785
-0.050, -1.823
-0.623, -1.626
-1.063, -1.234
-1.308, -0.718
-1.328, -0.168
-1.134, 0.323
-0.768, 0.679
-0.300, 0.845
0.187, 0.798
0.607, 0.544
0.882, 0.128
0.953, -0.383
0.795, -0.897
0.417, -1.321
-0.128, -1.565
-0.759, -1.570
-1.369, -1.313
-1.847, -0.818
-2.105, -0.155
-2.087, 0.569
-1.791, 1.237
-1.264, 1.740
-0.594, 2.003
0.110, 1.991
0.739, 1.721
1.200, 1.247
1.432, 0.652
1.414, 0.038
1.160, -0.501
0.721, -0.881
0.173, -1.044
-0.394, -0.965
-0.880, -0.652
-1.200, -0.151
-1.285, 0.458
-1.105, 1.075
-0.670, 1.588
-0.039, 1.898
0.694, 1.934
1.406, 1.671
1.977, 1.139
2.304, 0.417
2.331, -0.380
2.055, -1.125
1.525, -1.701
0.835, -2.028
0.097, -2.071
-0.578, -1.841
-1.094, -1.393
-1.388, -0.806
-1.427, -0.174
-1.220, 0.401
-0.811, 0.832
-0.268, 1.053
0.315, 1.029
0.840, 0.762
1.213, 0.290
1.362, -0.313
1.245, -0.949
0.865, -1.504
0.271, -1.874
-0.446, -1.980
-1.165, -1.791
-1.763, -1.330
-2.139, -0.671
-2.236, 0.076
-2.047, 0.793
-1.615, 1.374
-1.018, 1.739
-0.355, 1.850
0.273, 1.710
0.776, 1.360
1.089, 0.868
1.178, 0.319
1.044, -0.198
0.719, -0.599
0.264, -0.820
-0.240, -0.824
-0.700, -0.607
-1.027, -0.202
-1.149, 0.322
-1.032, 0.867
-0.684, 1.329
-0.159, 1.615
0.451, 1.664
1.039, 1.462
1.505, 1.043
1.771, 0.477
1.799, -0.139
1.594, -0.707
1.199, -1.140
0.689, -1.381
0.150, -1.406
-0.336, -1.228
-0.696, -0.889
-0.879, -0.450
-0.865, 0.010
-0.662, 0.411
-0.308, 0.681
0.130, 0.769
0.571, 0.652
0.925, 0.345
1.116, -0.101
1.097, -0.605
0.859, -1.071
0.437, -1.406
-0.098, -1.541
-0.651, -1.449
-1.123, -1.143
-1.434, -0.679
-1.537, -0.136
-1.422, 0.392
-1.118, 0.823
-0.682, 1.093
-0.190, 1.165
0.278, 1.038
0.645, 0.737
0.852, 0.316
0.863, -0.153
0.670, -0.585
0.303, -0.900
-0.177, -1.031
-0.686, -0.940
-1.125, -0.631
-1.406, -0.147
-1.463, 0.430
-1.272, 0.997
-0.859, 1.450
-0.291, 1.702
0.335, 1.708
0.913, 1.467
1.346, 1.024
1.571, 0.455
1.557, -0.147
1.314, -0.686
0.888, -1.081
0.349, -1.273
-0.217, -1.238
-0.720, -0.979
-1.078, -0.537
-1.228, 0.019
-1.137, 0.599
-0.810, 1.105
-0.290, 1.445
0.344, 1.549
0.988, 1.383
1.527, 0.961
1.862, 0.342
1.923, -0.375
1.694, -1.066
1.207, -1.612
0.548, -1.923
-0.174, -1.951
-0.837, -1.701
-1.341, -1.222
-1.612, -0.600
-1.620, 0.063
-1.373, 0.663
-0.919, 1.108
-0.333, 1.334
0.291, 1.308
0.853, 1.035
1.263, 0.555
1.451, -0.061
1.377, -0.716
1.040, -1.306
0.477, -1.727
-0.227, -1.899
-0.961, -1.778
-1.607, -1.370
-2.049, -0.733
-2.211, 0.030
-2.068, 0.799
-1.646, 1.449
-1.018, 1.879
-0.290, 2.034
0.420, 1.902
1.005, 1.522
1.382, 0.967
1.509, 0.334
1.382, -0.275
1.033, -0.768
0.528, -1.070
-0.049, -1.138
-0.599, -0.962
-1.030, -0.571
-1.263, -0.029
-1.250, 0.575
-0.985, 1.136
-0.502, 1.553
0.125, 1.748
0.794, 1.676
1.392, 1.340
1.815, 0.793
1.994, 0.123
1.902, -0.557
1.562, -1.140
1.040, -1.537
0.427, -1.698
-0.175, -1.615
-0.674, -1.318
-1.000, -0.872
-1.114, -0.357
-1.011, 0.135
-0.722, 0.525
-0.306, 0.746
0.159, 0.766
0.585, 0.579
0.891, 0.219
1.014, -0.250
0.921, -0.745
0.617, -1.168
0.148, -1.437
-0.407, -1.491
-0.948, -1.314
-1.380, -0.931
-1.626, -0.407
-1.648, 0.166
-1.448, 0.693
-1.069, 1.091
-0.581, 1.301
-0.071, 1.304
0.379, 1.111
0.699, 0.767
0.843, 0.337
0.793, -0.101
0.563, -0.467
0.198, -0.695
-0.234, -0.739
-0.654, -0.588
-0.977, -0.256
-1.135, 0.201
-1.082, 0.703
-0.816, 1.158
-0.370, 1.475
0.181, 1.589
0.742, 1.470
1.214, 1.137
1.516, 0.646
1.602, 0.083
1.464, -0.457
1.135, -0.890
0.674, -1.150
0.163, -1.205
-0.312, -1.051
-0.675, -0.724
-0.865, -0.281
-0.849, 0.200
-0.629, 0.632
-0.236, 0.937
0.266, 1.051
0.793, 0.938
1.247, 0.602
1.538, 0.083
1.595, -0.537
1.390, -1.152
0.946, -1.650
0.329, -1.941
-0.359, -1.969
-1.007, -1.732
-1.511, -1.269
-1.798, -0.658
-1.830, 0.002
-1.615, 0.609
-1.197, 1.074
-0.647, 1.333
-0.055, 1.357
0.486, 1.147
0.892, 0.743
1.098, 0.210
1.065, -0.367
0.790, -0.889
0.307, -1.261
-0.309, -1.406
-0.958, -1.278
-1.521, -0.881
-1.891, -0.267
-1.989, 0.468
-1.786, 1.200
-1.306, 1.808
-0.625, 2.188
0.148, 2.283
0.893, 2.082
1.500, 1.628
1.885, 0.999
2.011, 0.293
1.871, -0.387
1.503, -0.946
0.969, -1.315
0.357, -1.446
-0.244, -1.331
-0.738, -0.993
-1.046, -0.488
-1.116, 0.099
-0.929, 0.665
-0.512, 1.105
0.068, 1.332
0.710, 1.289
1.292, 0.971
1.703, 0.424
1.858, -0.261
1.723, -0.964
1.316, -1.562
0.709, -1.957
0.002, -2.090
-0.695, -1.950
-1.278, -1.568
-1.669, -1.011
-1.823, -0.369
-1.734, 0.266
-1.425, 0.804
-0.951, 1.174
-0.389, 1.329
0.173, 1.253
0.647, 0.965
0.957, 0.515
1.050, -0.020
0.907, -0.543
0.551, -0.959
0.043, -1.185
-0.523, -1.172
-1.042, -0.915
-1.410, -0.455
-1.557, 0.125
-1.455, 0.718
-1.123, 1.221
-0.622, 1.551
-0.041, 1.658
0.527, 1.536
0.994, 1.214
1.295, 0.751
1.394, 0.224
1.284, -0.284
0.996, -0.696
0.579, -0.952
0.108, -1.016
-0.338, -0.883
-0.682, -0.580
-0.862, -0.161
-0.842, 0.295
-0.623, 0.700
-0.244, 0.971
0.223, 1.052
0.685, 0.920
1.052, 0.599
1.251, 0.148
1.245, -0.346
1.036, -0.794
0.662, -1.120
0.195, -1.262
-0.281, -1.206
-0.696, -0.970
-0.978, -0.587
-1.073, -0.133
-0.981, 0.318
-0.712, 0.692
-0.314, 0.922
0.151, 0.965
0.597, 0.809
0.946, 0.472
1.126, 0.009
1.096, -0.502
0.851, -0.967
0.425, -1.298
-0.111, -1.431
-0.665, -1.334
-1.139, -1.019
-1.449, -0.537
-1.543, 0.029
-1.405, 0.583
-1.063, 1.030
-0.579, 1.302
-0.038, 1.359
0.473, 1.200
0.871, 0.855
1.095, 0.384
1.108, -0.135
0.906, -0.616
0.520, -0.975
0.010, -1.146
-0.540, -1.089
-1.033, -0.801
-1.376, -0.320
-1.500, 0.281
-1.364, 0.902
-0.978, 1.435
-0.397, 1.778
0.285, 1.867
0.956, 1.679
1.504, 1.245
1.843, 0.635
1.925, -0.050
1.744, -0.707
1.338, -1.239
0.772, -1.573
0.135, -1.667
-0.479, -1.515
-0.980, -1.146
-1.295, -0.619
-1.377, -0.016
-1.213, 0.569
-0.827, 1.043
-0.276, 1.323
0.354, 1.354
0.953, 1.120
1.416, 0.649
1.652, 0.014
1.609, -0.678
1.283, -1.307
0.725, -1.760
0.028, -1.956
-0.694, -1.865
-1.321, -1.502
-1.759, -0.934
-1.945, -0.252
-1.864, 0.437
-1.539, 1.032
-1.028, 1.455
-0.411, 1.650
0.220, 1.601
0.773, 1.323
1.170, 0.863
1.354, 0.293
1.300, -0.298
1.014, -0.816
0.542, -1.176
-0.042, -1.308
-0.634, -1.187
-1.127, -0.823
-1.427, -0.279
-1.473, 0.348
-1.252, 0.941
-0.806, 1.391
-0.216, 1.621
0.411, 1.595
0.969, 1.325
1.370, 0.865
1.557, 0.297
1.511, -0.284
1.252, -0.792
0.828, -1.153
0.310, -1.319
-0.221, -1.273
-0.684, -1.026
-1.009, -0.621
-1.142, -0.122
-1.060, 0.387
-0.772, 0.817
-0.329, 1.087
0.190, 1.146
0.688, 0.977
1.069, 0.612
1.262, 0.118
1.230, -0.411
0.980, -0.877
0.563, -1.197
0.058, -1.315
-0.444, -1.219
-0.856, -0.933
-1.113, -0.515
-1.179, -0.039
-1.052, 0.415
-0.757, 0.774
-0.347, 0.980
0.111, 1.000
0.535, 0.827
0.848, 0.490
0.992, 0.047
0.931, -0.421
0.674, -0.824
0.262, -1.085
-0.231, -1.149
-0.713, -0.996
-1.094, -0.650
-1.297, -0.172
-1.284, 0.351
-1.057, 0.822
-0.661, 1.158
-0.167, 1.303
0.337, 1.239
0.767, 0.982
1.055, 0.579
1.156, 0.098
1.055, -0.380
0.767, -0.775
0.341, -1.018
-0.152, -1.063
-0.628, -0.897
-1.000, -0.540
-1.196, -0.048
-1.169, 0.500
-0.910, 1.003
-0.449, 1.366
0.136, 1.512
0.744, 1.403
1.265, 1.052
1.606, 0.515
1.708, -0.114
1.556, -0.732
1.180, -1.241
0.644, -1.564
0.031, -1.658
-0.563, -1.516
-1.052, -1.162
-1.367, -0.655
-1.463, -0.071
-1.326, 0.501
-0.976, 0.975
-0.464, 1.271
0.130, 1.339
0.708, 1.155
1.168, 0.743
1.422, 0.164
1.413, -0.481
1.130, -1.078
0.617, -1.514
-0.041, -1.705
-0.730, -1.612
-1.328, -1.248
-1.737, -0.676
-1.890, 0.010
-1.771, 0.700
-1.402, 1.288
-0.847, 1.693
-0.188, 1.861
0.479, 1.776
1.060, 1.456
1.478, 0.950
1.677, 0.332
1.631, -0.310
1.347, -0.883
0.869, -1.302
0.266, -1.501
-0.366, -1.446
-0.925, -1.140
-1.311, -0.631
-1.452, -0.005
-1.319, 0.625
-0.933, 1.144
-0.364, 1.452
0.282, 1.495
0.886, 1.268
1.341, 0.813
1.572, 0.217
1.545, -0.416
1.274, -0.982
0.808, -1.393
0.226, -1.593
-0.383, -1.556
-0.929, -1.295
-1.333, -0.849
-1.540, -0.287
-1.519, 0.311
-1.272, 0.855
-0.835, 1.262
-0.275, 1.466
0.319, 1.434
0.849, 1.170
1.228, 0.717
1.389, 0.153
1.305, -0.423
0.993, -0.908
0.514, -1.214
-0.041, -1.290
-0.565, -1.129
-0.967, -0.771
-1.177, -0.289
-1.170, 0.227
-0.955, 0.686
-0.575, 1.011
-0.100, 1.152
0.387, 1.087
0.804, 0.830
1.082, 0.427
1.171, -0.055
1.059, -0.534
0.761, -0.930
0.325, -1.175
-0.179, -1.222
-0.664, -1.059
-1.042, -0.707
-1.242, -0.228
-1.225, 0.292
-0.995, 0.756
-0.595, 1.079
-0.102, 1.205
0.391, 1.115
0.796, 0.833
1.042, 0.414
1.091, -0.062
0.938, -0.509
0.616, -0.847
0.186, -1.020
-0.276, -0.998
-0.688, -0.786
-0.980, -0.419
-1.097, 0.043
-1.011, 0.523
-0.727, 0.936
-0.285, 1.202
0.241, 1.263
0.760, 1.095
1.171, 0.720
1.395, 0.201
1.386, -0.373
1.141, -0.896
0.703, -1.276
0.150, -1.445
-0.421, -1.378
-0.912, -1.090
-1.244, -0.636
-1.367, -0.094
-1.268, 0.446
-0.966, 0.899
-0.510, 1.196
0.026, 1.287
0.558, 1.155
0.997, 0.816
1.266, 0.320
1.308, -0.255
1.103, -0.809
0.677, -1.239
0.098, -1.458
-0.535, -1.416
-1.105, -1.109
-1.505, -0.587
-1.658, 0.061
-1.536, 0.720
-1.159, 1.279
-0.595, 1.644
0.064, 1.762
0.716, 1.619
1.262, 1.244
1.626, 0.696
1.759, 0.056
1.646, -0.585
1.306, -1.138
0.785, -1.524
0.157, -1.687
-0.488, -1.600
-1.052, -1.272
-1.447, -0.747
-1.604, -0.105
-1.491, 0.551
-1.120, 1.108
-0.549, 1.466
0.121, 1.556
0.771, 1.358
1.278, 0.908
1.553, 0.290
1.548, -0.384
1.271, -0.993
0.778, -1.434
0.156, -1.644
-0.493, -1.595
-1.070, -1.305
-1.492, -0.823
-1.702, -0.219
-1.673, 0.419
-1.410, 1.001
-0.950, 1.444
-0.356, 1.685
0.287, 1.686
0.884, 1.442
1.343, 0.985
1.589, 0.385
1.574, -0.264
1.301, -0.851
0.814, -1.271
0.205, -1.449
-0.415, -1.361
-0.931, -1.027
-1.257, -0.519
-1.342, 0.067
-1.182, 0.627
-0.813, 1.067
-0.304, 1.318
0.257, 1.346
0.779, 1.150
1.181, 0.768
1.403, 0.261
1.411, -0.292
1.207, -0.805
0.820, -1.200
0.309, -1.414
-0.245, -1.412
-0.750, -1.192
-1.125, -0.791
-1.303, -0.277
-1.258, 0.259
-1.000, 0.719
-0.581, 1.026
-0.082, 1.126
0.403, 1.009
0.785, 0.703
0.996, 0.271
1.004, -0.201
0.813, -0.627
0.466, -0.928
0.027, -1.057
-0.424, -0.993
-0.809, -0.751
-1.062, -0.372
-1.141, 0.080
-1.028, 0.529
-0.741, 0.895
-0.324, 1.115
0.149, 1.143
0.595, 0.971
0.930, 0.625
1.087, 0.168
1.034, -0.315
0.779, -0.729
0.370, -0.995
-0.114, -1.059
-0.581, -0.912
-0.942, -0.580
-1.134, -0.126
-1.121, 0.370
-0.909, 0.821
-0.529, 1.152
-0.045, 1.309
0.469, 1.262
0.930, 1.015
1.263, 0.602
1.410, 0.082
1.337, -0.460
1.049, -0.934
0.589, -1.254
0.034, -1.358
-0.517, -1.220
-0.962, -0.863
-1.215, -0.349
-1.225, 0.224
-0.990, 0.751
-0.553, 1.130
0.006, 1.291
0.587, 1.206
1.087, 0.887
1.419, 0.390
1.531, -0.204
1.404, -0.802
1.054, -1.314
0.531, -1.662
-0.090, -1.791
-0.724, -1.682
-1.278, -1.342
-1.669, -0.819
-1.840, -0.183
-1.759, 0.471
-1.435, 1.046
-0.914, 1.450
-0.278, 1.614
0.365, 1.508
0.902, 1.148
1.234, 0.602
1.298, -0.027
1.087, -0.615
0.646, -1.048
0.067, -1.249
-0.541, -1.184
-1.068, -0.874
-1.425, -0.372
-1.555, 0.235
-1.439, 0.853
-1.095, 1.388
-0.570, 1.764
0.064, 1.927
0.725, 1.852
1.324, 1.543
1.780, 1.033
2.027, 0.387
2.022, -0.310
1.760, -0.958
1.274, -1.458
0.641, -1.730
-0.037, -1.730
-0.643, -1.465
-1.073, -0.989
-1.260, -0.397
-1.177, 0.198
-0.859, 0.682
-0.376, 0.973
0.174, 1.025
0.687, 0.838
1.071, 0.454
1.265, -0.057
1.237, -0.610
0.990, -1.116
0.560, -1.498
0.004, -1.694
-0.598, -1.671
-1.160, -1.422
-1.599, -0.978
-1.847, -0.397
-1.865, 0.238
-1.646, 0.833
-1.223, 1.298
-0.664, 1.562
-0.060, 1.588
0.487, 1.378
0.887, 0.981
1.077, 0.477
1.040, -0.035
0.798, -0.463
0.413, -0.732
-0.037, -0.804
-0.464, -0.677
-0.790, -0.380
-0.960, 0.029
-0.943, 0.475
-0.741, 0.884
-0.384, 1.182
0.073, 1.320
0.556, 1.267
0.991, 1.027
1.304, 0.631
1.441, 0.140
1.374, -0.367
1.113, -0.804
0.704, -1.094
0.223, -1.190
-0.240, -1.081
-0.600, -0.797
-0.795, -0.401
-0.800, 0.024
-0.624, 0.395
-0.310, 0.646
0.076, 0.732
0.462, 0.643
0.777, 0.393
0.960, 0.026
0.975, -0.396
0.811, -0.801
0.486, -1.116
0.047, -1.280
-0.435, -1.255
-0.881, -1.032
-1.205, -0.640
-1.345, -0.141
-1.267, 0.376
-0.981, 0.815
-0.539, 1.093
-0.025, 1.159
0.462, 1.003
0.835, 0.661
1.028, 0.198
1.011, -0.301
0.789, -0.750
0.401, -1.073
-0.091, -1.214
-0.609, -1.148
-1.071, -0.879
-1.401, -0.441
-1.541, 0.104
-1.462, 0.676
-1.162, 1.188
-0.680, 1.555
-0.081, 1.711
0.541, 1.620
1.082, 1.288
1.445, 0.764
1.563, 0.139
1.414, -0.474
1.028, -0.961
0.482, -1.237
-0.120, -1.256
-0.664, -1.023
-1.056, -0.587
-1.229, -0.030
-1.157, 0.548
-0.856, 1.051
-0.375, 1.394
0.212, 1.527
0.816, 1.424
1.350, 1.095
1.733, 0.578
1.904, -0.060
1.826, -0.733
1.497, -1.345
0.953, -1.797
0.269, -2.015
-0.451, -1.955
-1.092, -1.622
-1.547, -1.069
-1.743, -0.391
-1.654, 0.292
-1.306, 0.866
-0.771, 1.237
-0.152, 1.353
0.442, 1.208
0.913, 0.843
1.188, 0.328
1.232, -0.248
1.041, -0.791
0.649, -1.216
0.117, -1.455
-0.476, -1.469
-1.039, -1.250
-1.483, -0.826
-1.736, -0.255
-1.756, 0.378
-1.533, 0.977
-1.099, 1.449
-0.516, 1.722
0.123, 1.752
0.717, 1.534
1.172, 1.109
1.415, 0.551
1.416, -0.041
1.185, -0.565
0.773, -0.937
0.262, -1.101
-0.254, -1.040
-0.687, -0.778
-0.967, -0.369
-1.051, 0.112
-0.933, 0.581
-0.635, 0.961
-0.210, 1.192
0.275, 1.235
0.741, 1.084
1.116, 0.760
1.336, 0.312
1.365, -0.189
1.195, -0.663
0.852, -1.029
0.393, -1.226
-0.099, -1.220
-0.537, -1.015
-0.843, -0.656
-0.965, -0.213
-0.890, 0.227
-0.644, 0.585
-0.276, 0.799
0.140, 0.838
0.531, 0.699
0.829, 0.414
0.983, 0.030
0.971, -0.386
0.792, -0.767
0.474, -1.050
0.066, -1.186
-0.366, -1.152
-0.752, -0.949
-1.027, -0.610
-1.140, -0.189
-1.071, 0.237
-0.834, 0.590
-0.475, 0.803
-0.069, 0.838
0.304, 0.692
0.568, 0.400
0.673, 0.023
0.599, -0.363
0.360, -0.681
-0.002, -0.869
-0.422, -0.890
-0.826, -0.731
-1.146, -0.415
-1.323, 0.015
-1.324, 0.496
-1.141, 0.954
-0.792, 1.322
-0.323, 1.537
0.201, 1.562
0.698, 1.387
1.088, 1.034
1.308, 0.562
1.319, 0.049
1.123, -0.413
0.759, -0.741
0.300, -0.874
-0.161, -0.791
-0.530, -0.511
-0.732, -0.095
-0.723, 0.372
-0.504, 0.797
-0.112, 1.095
0.385, 1.208
0.907, 1.110
1.369, 0.807
1.696, 0.335
1.836, -0.244
1.755, -0.855
1.455, -1.414
0.964, -1.840
0.343, -2.070
-0.327, -2.061
-0.951, -1.809
-1.437, -1.343
-1.707, -0.733
-1.716, -0.078
-1.465, 0.510
-1.008, 0.927
-0.437, 1.100
0.130, 1.009
0.582, 0.689
0.838, 0.212
0.857, -0.323
0.642, -0.815
0.233, -1.176
-0.301, -1.343
-0.876, -1.284
-1.404, -1.000
