StatType:3
NumBins:1912
StartFreq:491898100
PerBin:dB
70.240
38.510
42.470
46.520
47.740
50.560
49.990
47.550
42.750
42.090
45.470
49.720
49.900
50.930
52.630
53.110
51.690
54.320
55.830
54.790
54.610
53.670
54.420
55.830
54.050
52.250
49.620
44.910
45.670
47.550
49.710
48.590
45.580
43.790
43.130
46.330
48.400
47.170
44.060
34.370
42.740
47.920
49.990
52.540
52.730
54.040
54.510
55.740
55.180
56.020
55.080
53.860
55.080
55.270
54.790
53.860
52.070
49.990
46.420
41.240
34.090
31.360
38.130
43.120
48.400
50.930
51.790
52.530
53.950
53.950
52.820
51.690
49.250
50.370
52.250
52.630
53.190
55.550
54.800
54.420
53.390
53.850
53.380
55.360
56.680
54.520
55.460
55.270
53.010
51.120
48.210
46.420
44.910
47.840
49.710
51.400
53.850
56.300
56.210
56.870
56.210
54.890
53.100
53.570
54.050
54.980
54.320
50.940
50.850
51.790
51.510
52.260
50.750
49.900
50.460
51.410
49.530
47.830
46.990
42.000
35.790
36.820
42.650
45.950
50.090
51.970
52.530
55.460
55.830
56.210
56.390
57.050
58.370
55.640
56.120
55.360
54.140
55.550
54.230
52.910
54.040
52.730
48.870
43.880
39.550
45.760
48.010
47.080
42.840
38.420
34.370
38.230
42.650
45.670
46.700
45.380
46.890
50.660
54.610
54.230
55.640
56.210
56.110
56.580
55.830
57.530
56.120
56.960
55.640
55.550
55.930
56.020
53.390
51.780
49.520
47.360
43.980
43.310
43.690
38.610
34.000
37.290
42.180
47.740
49.430
50.090
52.540
52.920
51.410
49.240
50.000
51.970
54.420
54.890
54.600
57.240
55.180
52.920
51.870
52.630
52.920
54.420
53.100
51.500
48.020
43.970
41.620
41.430
45.660
47.830
49.810
52.350
54.320
54.140
55.550
54.790
55.360
53.570
53.940
52.440
52.350
52.910
52.450
51.880
49.900
45.480
42.470
45.200
46.610
48.680
46.140
43.030
41.340
42.090
43.130
39.360
26.180
36.540
39.170
38.140
38.420
43.590
47.930
50.090
52.350
56.680
55.930
55.450
54.420
54.890
55.640
54.510
54.140
54.890
53.570
51.410
49.530
46.330
42.370
38.420
38.520
41.900
44.440
49.060
49.800
50.560
52.250
51.030
51.600
49.050
48.110
49.330
51.690
51.880
51.410
53.760
53.480
51.500
50.940
51.310
51.780
54.800
54.700
53.100
52.820
51.400
53.110
52.250
51.880
51.690
52.160
53.850
54.890
54.230
54.510
55.080
53.850
50.650
46.890
42.370
43.590
47.450
50.090
51.500
53.290
54.130
54.610
53.100
54.230
54.230
53.670
54.420
53.290
51.980
53.380
51.310
50.460
50.560
48.770
46.790
49.620
49.520
49.430
52.730
55.260
55.260
55.640
55.360
56.590
54.700
55.080
55.830
56.110
57.050
54.980
54.990
56.020
55.170
53.660
50.560
47.930
47.450
46.700
47.270
44.350
45.100
39.930
32.870
37.480
38.790
33.620
26.750
38.420
43.690
48.680
48.960
49.250
47.460
43.310
42.750
46.890
50.940
52.160
56.020
55.550
55.450
54.800
53.660
53.290
53.010
51.600
51.500
50.460
47.920
44.820
45.390
47.650
48.490
49.240
49.530
50.090
50.180
48.770
48.870
48.120
48.010
46.980
44.350
48.300
51.030
49.620
49.250
51.880
53.190
52.440
53.010
54.330
53.850
53.290
53.290
52.160
48.680
45.290
41.910
37.010
36.820
44.820
49.340
53.000
53.760
55.550
55.360
55.170
55.170
54.140
52.440
50.470
46.990
41.900
39.830
43.590
45.670
44.160
40.860
29.010
34.560
37.760
38.990
42.940
42.940
43.780
42.750
42.280
41.620
38.140
42.660
49.150
52.630
52.350
52.910
55.450
53.950
54.510
54.610
56.110
55.640
56.390
57.620
55.460
56.020
56.020
55.260
54.130
54.710
52.910
51.590
51.970
49.240
47.830
48.770
49.430
50.840
50.940
50.650
52.350
52.910
51.410
48.010
47.830
49.900
51.870
54.320
54.890
54.700
53.670
52.630
51.780
47.830
42.940
44.440
49.990
53.390
54.040
55.180
55.640
54.520
52.350
52.540
54.980
53.380
52.540
52.340
53.290
51.310
51.970
53.100
54.040
54.320
55.080
52.340
52.260
52.820
51.970
52.810
53.190
53.100
54.040
55.740
53.760
53.480
52.730
51.690
51.780
50.750
53.010
53.290
53.000
52.070
51.690
50.470
51.590
51.880
52.820
54.980
54.320
54.800
55.080
55.830
54.800
54.990
56.770
57.150
56.960
54.990
52.440
50.940
47.550
41.430
37.190
40.110
44.160
45.190
45.760
45.010
43.690
44.070
47.540
50.370
48.490
43.780
42.840
47.640
50.370
50.560
50.370
50.000
50.750
51.030
54.990
57.250
57.800
56.770
55.080
56.110
56.770
54.330
54.610
55.450
53.850
53.470
50.750
48.210
46.130
43.400
45.950
51.030
52.250
50.750
50.560
48.860
48.580
48.400
48.680
48.680
48.870
48.110
45.950
45.860
45.670
46.140
47.550
50.380
52.630
53.290
52.820
51.970
48.020
40.870
36.260
39.640
42.370
44.260
42.560
40.960
44.820
49.050
50.750
52.250
53.570
54.510
53.950
54.140
53.760
53.760
54.610
56.400
57.340
55.920
54.410
52.540
50.190
46.140
46.040
46.420
45.190
43.030
37.390
30.510
35.870
38.880
36.540
33.250
28.440
38.420
43.790
47.830
50.280
51.120
53.570
54.800
56.680
57.240
57.900
57.900
56.490
56.960
55.540
56.770
57.150
56.680
57.620
56.490
55.450
54.420
49.620
44.640
38.520
32.960
35.320
40.860
42.750
46.700
49.050
50.940
51.410
48.590
48.960
49.240
50.090
53.570
53.200
53.190
53.850
55.740
55.830
56.590
56.300
57.250
56.770
56.110
56.770
56.870
55.830
55.540
56.870
56.960
57.050
54.320
53.100
53.290
52.450
54.710
54.140
54.610
54.230
55.270
54.980
54.230
55.730
52.910
51.970
53.190
53.570
54.420
53.940
53.660
54.130
53.470
53.570
54.980
54.980
54.980
53.850
54.790
53.190
49.430
45.760
39.640
40.770
46.040
48.580
52.070
53.950
56.110
57.530
57.810
57.430
57.620
56.580
55.640
55.830
55.830
55.740
54.230
53.570
53.950
53.950
50.930
50.850
47.840
46.040
48.490
50.840
54.700
55.460
54.040
52.350
50.650
47.360
44.070
42.370
41.150
40.400
42.840
48.680
53.290
54.230
55.360
55.080
56.020
54.510
55.460
55.270
54.700
53.290
53.390
53.760
53.760
50.560
48.210
42.370
41.330
45.380
48.020
47.930
45.470
39.930
37.760
43.310
46.510
49.440
49.620
49.810
49.900
48.120
45.480
46.330
49.620
50.560
50.560
52.060
54.510
53.850
52.920
51.790
54.040
51.410
49.900
48.490
47.920
45.570
44.630
46.700
50.560
52.060
53.380
56.120
54.230
54.230
55.450
56.110
56.770
56.020
54.790
56.390
57.240
56.310
54.600
51.310
49.900
49.710
49.620
49.150
47.730
45.100
43.410
42.930
44.350
45.290
42.650
40.960
43.220
45.390
45.190
47.920
46.800
41.900
43.130
48.390
52.540
55.830
57.810
56.870
57.050
56.770
57.430
57.340
56.310
56.200
57.810
55.640
56.210
54.790
51.120
46.710
46.510
45.760
47.170
48.300
49.620
51.130
50.660
50.370
50.460
48.490
51.030
52.540
54.140
55.640
56.490
56.580
57.800
58.280
56.960
56.960
57.620
60.350
60.160
58.560
57.430
56.490
56.200
57.530
55.550
55.360
53.950
51.600
51.690
50.940
50.660
52.060
53.660
56.200
54.330
51.690
46.980
40.860
42.370
47.360
52.250
54.320
56.020
55.540
56.200
56.670
55.270
55.180
57.340
56.390
58.280
58.470
57.430
57.050
55.080
53.860
52.450
51.980
52.450
50.650
51.590
54.130
55.260
55.450
55.830
56.780
57.240
57.140
56.860
56.210
56.770
55.260
55.360
55.550
54.230
53.290
53.190
51.400
50.370
51.780
52.540
55.740
55.550
55.830
54.790
53.670
51.220
49.620
48.680
48.110
45.480
34.470
40.300
46.230
47.460
46.230
43.690
42.560
45.570
50.840
53.760
53.850
53.860
55.830
54.800
54.890
51.780
49.150
40.580
36.350
46.420
49.720
51.970
52.720
54.050
54.980
55.540
55.830
55.830
54.790
53.950
52.730
53.190
52.730
52.060
53.670
53.760
53.290
54.140
56.120
57.240
54.230
54.320
54.890
54.600
54.330
51.970
51.880
50.280
49.150
49.050
50.090
51.690
54.520
55.460
54.980
55.730
57.150
55.640
57.240
57.330
55.740
55.830
56.780
52.820
48.390
43.600
42.850
46.320
48.490
49.150
49.620
50.840
51.690
51.690
50.190
50.180
47.270
44.540
40.120
36.160
38.610
44.250
49.240
51.880
54.890
56.120
56.770
58.280
57.810
58.180
58.000
56.490
58.190
59.500
59.970
59.400
58.370
56.770
57.520
54.320
53.850
52.160
52.160
50.370
45.860
41.720
41.710
45.290
49.240
50.660
49.240
47.930
48.960
51.690
55.450
57.150
56.770
57.900
57.900
57.340
59.030
57.620
56.870
54.410
50.090
45.100
47.640
52.820
52.440
54.700
56.770
56.480
52.720
52.160
51.030
49.150
48.780
51.130
52.160
52.730
54.230
54.140
52.250
52.910
52.820
53.670
53.760
54.320
55.080
56.010
55.550
54.890
55.550
56.200
57.910
58.000
58.090
57.620
57.710
58.090
57.430
55.170
54.040
53.670
51.410
50.560
46.980
46.700
49.620
51.780
52.820
53.940
54.800
54.890
55.920
54.700
54.610
55.180
56.300
55.550
53.660
51.310
50.940
48.680
44.070
40.770
45.200
50.560
52.630
53.660
55.640
55.360
54.890
53.100
53.290
51.410
48.680
39.460
43.220
49.060
52.530
55.830
55.450
56.110
56.960
55.730
56.110
55.920
55.170
53.760
54.230
54.330
52.070
49.620
49.140
46.330
45.480
45.950
50.750
51.790
54.610
55.260
56.770
57.340
57.250
56.300
56.020
54.980
55.260
55.360
56.300
55.550
52.630
53.190
53.570
56.770
56.960
58.370
58.280
57.900
56.960
53.570
47.840
44.540
39.360
37.110
34.560
34.750
45.010
50.000
56.310
59.500
58.180
57.710
58.470
58.180
57.340
56.780
59.410
57.810
58.370
58.660
57.340
55.920
56.210
54.240
53.480
53.670
54.510
55.170
55.360
54.980
51.500
48.580
44.730
45.200
44.820
38.040
38.230
48.960
53.950
55.550
56.960
57.430
57.430
59.500
59.880
59.690
59.510
57.330
58.000
58.180
59.780
59.220
57.810
58.940
58.280
57.720
56.960
55.920
52.250
48.400
41.440
30.230
18.660
30.040
36.060
42.470
44.910
47.170
49.430
54.040
54.520
54.880
57.520
58.090
58.940
58.470
57.990
58.180
58.560
58.180
58.270
58.740
58.750
59.970
57.620
58.280
56.010
55.830
55.930
52.350
50.470
45.290
40.860
45.570
50.840
51.980
52.070
52.540
53.290
54.330
54.990
56.210
54.240
55.640
56.580
56.110
56.110
57.050
58.940
59.220
59.780
57.900
58.180
60.160
59.600
58.180
56.960
55.920
57.240
55.180
49.620
38.890
27.880
24.300
38.510
43.030
47.460
52.630
54.980
56.210
56.860
56.300
56.400
54.520
54.420
51.980
52.350
53.850
53.390
55.650
55.920
56.490
55.540
56.210
56.400
56.590
57.530
59.030
58.840
57.050
54.330
54.420
52.060
52.730
53.380
52.160
53.100
53.950
55.080
56.020
58.000
57.620
57.900
57.810
57.340
57.150
53.950
51.130
50.270
49.150
48.580
45.950
44.060
49.050
53.290
56.200
57.240
56.670
56.200
53.940
48.960
44.540
45.000
48.870
51.120
54.980
55.170
54.800
55.920
56.210
56.210
55.640
56.770
55.930
56.580
57.150
55.550
53.390
50.280
51.030
49.060
47.170
43.780
50.370
53.850
54.320
55.640
56.960
56.960
58.000
57.240
57.330
56.770
57.620
59.220
59.130
59.870
59.790
59.590
57.240
54.600
57.530
57.720
57.430
56.670
55.920
57.330
54.520
50.650
49.620
46.700
43.220
36.820
38.140
48.960
53.200
55.080
56.580
56.200
55.080
51.880
47.450
44.440
43.040
42.660
40.870
41.340
42.560
44.920
45.000
46.610
55.260
57.250
56.770
54.890
53.290
52.160
50.940
49.900
46.790
44.920
43.880
43.500
44.910
47.930
50.180
52.730
54.520
58.090
56.870
57.340
57.620
59.310
60.440
61.290
60.070
59.880
58.940
58.470
59.410
58.000
57.520
58.000
58.280
57.050
56.300
55.260
51.400
48.780
46.990
43.980
41.900
44.910
49.520
52.630
54.330
54.230
55.830
54.800
54.890
57.340
58.000
56.960
57.810
57.710
59.410
58.660
58.470
58.940
57.430
59.410
59.220
57.530
57.620
56.400
55.550
54.040
50.940
49.430
50.370
50.750
49.620
49.530
51.220
54.890
55.830
56.210
58.180
59.120
57.620
56.670
54.800
52.720
53.480
59.220
56.110
55.270
53.380
54.230
55.460
57.710
57.900
58.370
57.340
57.440
59.120
57.050
54.980
55.170
55.360
56.680
55.930
56.110
55.170
55.640
57.530
58.090
58.000
59.310
58.090
58.750
57.520
55.830
54.890
54.040
53.760
51.690
52.450
40.210
43.980
51.600
55.550
57.250
57.710
59.410
58.370
58.090
57.620
58.940
57.900
58.470
58.090
59.410
56.310
57.050
58.660
58.470
58.560
59.400
59.310
58.660
59.690
56.960
56.490
56.870
55.170
54.800
51.690
49.430
49.810
52.160
54.040
56.960
57.240
56.870
58.750
57.990
60.720
59.600
59.790
61.110
60.540
59.120
59.040
58.180
58.650
58.090
57.060
56.860
57.900
58.380
57.050
58.090
57.530
55.930
55.170
54.140
50.930
46.890
39.730
42.650
49.620
54.510
59.780
57.990
58.000
59.320
60.350
60.350
59.310
59.980
58.750
59.210
58.560
59.500
59.320
59.210
60.160
58.650
57.900
58.370
57.340
55.650
53.480
53.010
54.320
53.950
51.970
46.510
41.340
45.660
49.050
50.840
50.940
52.910
55.640
59.310
57.620
58.460
59.220
59.030
56.960
58.650
61.200
60.630
61.010
60.350
58.470
57.430
59.030
59.880
57.990
55.640
54.230
53.570
54.600
51.780
50.840
50.650
50.650
52.250
53.940
55.830
54.700
56.490
55.550
53.200
54.330
55.930
58.370
58.650
58.750
58.740
58.840
59.880
58.750
58.650
58.190
58.840
58.940
59.220
57.900
56.870
56.490
54.420
53.010
53.200
54.420
53.950
53.760
54.050
55.070
56.400
56.300
57.430
58.740
57.050
58.090
54.050
53.380
54.140
54.990
58.080
54.790
52.630
53.860
56.770
57.340
57.800
58.090
58.080
57.710
57.050
56.490
57.050
57.060
56.960
57.900
58.840
58.930
57.720
57.710
59.030
60.350
61.380
60.440
59.120
59.500
60.530
59.030
56.020
55.450
54.890
52.530
48.200
40.680
49.430
53.480
56.010
57.150
58.660
58.930
60.160
60.060
59.880
59.780
58.930
58.090
57.050
59.220
58.930
59.130
59.600
59.030
58.650
58.650
59.410
58.460
58.280
57.900
58.370
58.180
57.990
57.430
54.610
50.090
48.390
52.160
54.510
55.180
57.520
58.180
58.650
59.220
60.060
59.870
60.630
60.910
61.390
61.110
59.220
59.880
60.250
60.070
60.070
59.780
59.030
57.810
56.870
58.190
58.560
59.220
58.750
57.430
55.930
50.090
44.820
38.420
46.420
50.180
55.640
59.980
58.000
59.880
60.440
59.120
58.650
58.940
59.500
59.030
59.970
59.970
59.970
59.310
59.320
57.800
57.430
58.470
58.470
57.060
56.400
56.580
54.320
54.700
54.790
52.350
47.550
46.320
47.360
48.860
50.740
49.150
52.160
57.800
61.390
58.190
57.900
58.280
58.940
60.540
59.500
59.500
60.920
59.780
59.870
59.870
60.440
60.440
59.120
58.750
57.620
55.920
55.170
54.790
54.890
54.040
52.540
52.820
53.100
56.300
57.250
55.170
53.290
51.880
50.940
54.890
57.710
60.720
59.120
58.090
58.750
57.900
57.900
58.180
59.310
61.100
59.510
58.090
59.600
62.040
58.660
57.150
55.260
56.390
56.110
56.200
56.020
56.770
57.060
56.310
