StatType:3
NumBins:1912
StartFreq:299898100
PerBin:dB
67.600
33.430
36.540
41.050
44.250
47.640
44.910
47.360
49.620
52.630
53.950
51.500
51.040
51.410
52.160
53.570
53.480
55.070
55.080
54.700
54.230
54.790
55.080
54.890
56.020
55.930
54.790
54.600
54.040
53.200
51.690
47.930
46.040
45.950
45.950
38.130
44.160
49.250
49.530
50.750
52.820
53.760
55.170
55.170
53.110
53.670
55.170
56.390
56.120
54.420
55.080
55.450
54.800
54.790
55.360
55.170
53.100
51.690
51.220
48.110
40.020
34.280
37.480
40.960
41.610
43.880
46.790
46.230
49.050
52.060
53.190
53.290
54.800
54.610
54.520
54.330
54.510
54.890
55.640
54.700
56.400
56.200
54.890
53.290
52.730
53.000
53.100
52.640
51.880
51.970
51.220
47.550
45.390
45.200
46.610
48.110
48.120
48.680
49.520
52.440
51.690
52.630
52.070
53.390
53.480
53.570
56.110
56.300
56.590
55.450
56.020
54.510
53.570
53.010
54.790
53.660
51.120
48.210
43.500
40.020
37.200
37.380
40.860
44.070
47.730
49.620
51.310
51.980
51.690
53.670
53.580
52.450
53.670
53.390
53.940
54.040
53.660
52.540
54.610
53.480
52.910
52.630
52.160
51.970
51.880
50.660
51.510
51.030
49.150
47.740
48.390
51.980
52.730
51.510
53.190
55.740
55.640
53.760
53.100
53.100
52.640
52.350
54.230
52.440
50.750
49.720
50.940
51.310
51.970
52.340
51.220
48.120
47.080
48.300
49.060
49.800
50.370
48.870
42.930
40.580
38.410
41.720
46.330
48.590
52.260
54.600
54.050
54.800
53.860
55.640
54.320
54.510
53.850
55.360
56.310
54.420
50.660
46.980
45.480
47.360
47.170
45.480
42.660
42.570
47.450
49.810
51.870
53.010
54.510
53.760
52.160
52.260
52.730
55.170
53.760
54.610
56.310
54.990
54.610
54.510
52.820
53.470
55.920
53.760
55.170
55.170
53.100
50.190
48.670
45.480
44.070
43.970
36.730
36.820
46.790
51.880
49.430
47.360
46.420
43.410
40.490
44.820
48.580
51.410
52.540
53.010
54.040
55.930
56.590
55.460
54.890
53.760
53.380
53.380
53.290
53.570
53.670
52.720
49.710
43.500
25.900
37.860
41.340
43.690
48.110
49.620
51.980
52.540
53.850
54.700
54.330
55.260
54.890
54.320
53.570
54.510
53.670
54.510
54.610
54.320
53.570
51.410
52.250
52.450
51.870
53.010
51.030
51.400
48.960
46.140
43.510
43.220
43.410
46.790
49.900
50.370
48.580
46.040
44.260
39.360
41.050
48.110
51.600
51.590
54.050
54.600
54.230
52.350
52.640
53.010
53.480
52.630
52.060
50.930
48.200
45.570
46.890
49.430
50.740
52.530
50.930
48.680
48.400
51.690
51.500
52.070
52.350
52.260
51.030
50.750
52.070
52.440
52.160
54.600
55.730
54.320
52.730
53.950
51.320
50.000
50.660
52.540
50.840
48.870
46.520
47.360
47.730
49.710
51.870
53.850
53.950
51.690
51.880
52.910
51.220
50.840
49.620
48.020
43.310
40.870
41.530
43.790
47.830
50.280
51.500
52.060
51.970
50.660
48.400
42.940
45.470
49.520
51.030
50.850
52.250
49.900
48.300
50.660
53.470
53.580
53.380
54.890
54.890
54.890
54.800
54.510
55.920
55.930
54.990
55.360
54.420
54.890
52.540
50.660
49.060
47.360
48.860
48.210
45.480
41.060
39.740
46.800
50.000
49.800
50.750
52.450
51.120
53.480
54.040
53.860
53.860
54.040
55.930
56.120
53.010
52.250
51.410
50.090
44.730
41.720
47.920
49.620
50.180
50.370
49.620
43.970
44.440
45.570
43.220
36.810
41.620
47.840
53.950
55.450
53.570
54.610
54.230
55.640
54.040
52.350
53.670
53.850
53.850
54.420
55.080
54.410
56.580
55.360
53.860
52.730
54.040
52.730
52.630
53.100
52.440
51.120
48.490
38.790
40.580
46.980
47.550
48.490
49.060
49.710
53.010
54.040
56.870
56.400
56.110
53.000
54.510
55.740
53.950
54.790
54.600
51.970
50.470
46.980
39.930
38.790
43.130
47.270
49.620
48.960
49.900
52.340
49.710
46.610
43.500
40.580
41.430
46.510
48.770
49.910
53.100
52.820
51.410
51.220
53.760
54.320
54.230
54.990
54.700
51.210
50.470
49.900
52.450
52.450
52.350
50.750
46.890
36.160
42.840
48.960
52.060
53.390
50.940
48.400
47.360
48.110
50.090
52.640
53.760
53.100
51.880
48.490
49.250
50.840
52.160
54.610
53.470
54.040
54.700
51.510
49.240
48.300
46.330
40.490
31.920
30.420
27.690
20.440
19.320
24.580
29.480
28.720
30.330
30.890
29.660
28.160
27.030
28.820
29.480
29.200
30.420
29.760
28.260
28.060
27.400
25.800
26.090
26.930
26.840
26.840
24.780
21.480
10.000
18.750
21.290
22.510
19.970
18.370
18.560
24.020
26.460
28.720
30.890
30.800
31.180
31.450
31.550
30.700
31.640
30.790
31.270
31.730
31.270
30.610
29.200
28.540
27.690
28.920
27.030
24.020
21.480
21.860
23.830
25.330
30.230
38.330
43.590
48.020
50.750
51.690
50.930
51.410
51.790
53.570
55.460
55.450
56.590
56.300
54.230
53.950
55.830
53.850
54.890
54.510
53.100
54.700
52.060
50.000
45.100
41.810
42.000
38.890
29.480
45.380
48.960
50.370
51.320
52.160
52.450
53.570
53.010
53.380
54.140
54.700
55.080
54.790
54.420
53.290
54.140
53.860
54.710
54.610
53.100
52.160
51.880
51.220
52.260
53.010
50.850
47.080
40.770
41.710
42.000
36.910
37.580
42.470
46.790
50.650
54.140
56.490
57.900
55.170
52.530
53.950
54.050
54.140
53.660
55.640
54.230
54.420
51.880
50.280
50.560
51.880
52.160
50.650
49.430
47.920
47.360
46.320
44.530
45.760
45.660
46.420
48.580
50.460
52.160
52.060
53.200
52.630
53.570
54.510
55.740
56.580
56.210
53.010
52.070
49.720
51.220
53.110
53.940
52.540
49.340
44.630
25.710
45.850
51.030
52.920
53.000
50.180
48.020
46.130
42.370
39.360
42.740
46.520
50.370
50.370
50.470
50.560
51.600
53.100
55.070
53.660
53.200
53.480
49.990
50.280
50.000
51.880
50.560
45.850
37.850
34.930
42.840
47.740
49.430
49.810
52.720
54.410
53.860
54.980
54.800
54.790
54.140
53.860
54.330
55.360
55.080
54.510
54.140
51.880
49.520
50.560
51.780
51.130
51.030
50.280
48.210
42.750
42.840
45.380
47.180
42.840
35.500
46.890
50.930
52.260
54.140
54.320
51.780
48.490
43.500
40.970
46.510
50.190
53.480
55.640
55.830
55.930
53.950
52.720
54.890
52.070
50.840
48.960
41.810
31.080
38.890
43.880
45.290
44.720
42.740
45.850
49.340
51.980
53.380
53.010
52.250
52.730
52.260
54.230
56.960
56.680
57.150
57.520
54.710
54.790
55.640
55.650
54.320
54.330
54.890
52.820
50.090
46.790
43.600
41.520
39.360
46.330
49.340
53.290
52.630
51.030
51.870
53.950
54.890
55.180
54.320
51.980
48.590
45.390
41.060
42.000
46.800
51.130
52.630
52.350
54.230
52.160
52.450
50.460
49.620
50.650
49.430
48.680
48.390
45.480
46.600
47.460
50.280
49.810
50.460
52.920
54.520
53.570
53.670
54.320
56.210
54.230
53.100
53.470
53.480
53.760
53.670
53.290
53.100
52.160
51.410
51.590
51.500
50.940
50.270
49.520
48.400
45.000
43.790
43.320
44.910
46.040
46.800
48.390
51.590
54.890
53.480
53.950
53.380
53.290
54.140
54.510
50.470
46.040
41.250
43.790
45.670
46.330
44.910
45.760
46.140
43.310
39.270
42.840
48.770
52.160
51.790
52.350
53.000
51.310
51.500
52.730
52.250
52.540
53.100
53.950
52.730
52.820
53.760
53.950
54.990
56.020
54.700
53.760
51.690
51.600
53.950
52.440
50.090
47.080
41.340
41.240
46.040
48.490
49.330
50.660
51.590
53.110
54.420
54.890
54.510
54.330
54.610
54.600
54.610
55.080
55.920
53.570
54.040
53.100
52.440
51.130
44.820
40.490
37.010
40.960
43.500
43.310
42.000
37.380
25.520
39.360
42.470
45.010
49.900
54.040
53.380
53.100
53.950
53.670
54.710
55.640
56.020
55.930
56.400
56.110
55.170
54.520
52.630
54.800
53.290
54.230
52.820
50.380
48.770
44.350
36.440
39.550
42.280
39.930
36.630
42.560
48.400
52.070
52.910
51.400
50.930
51.220
52.070
52.530
54.420
54.990
55.640
54.800
54.700
54.700
55.830
54.520
54.800
53.380
50.840
49.240
45.010
39.070
36.820
38.980
41.620
42.000
46.520
49.430
51.310
53.860
54.980
52.340
51.220
53.190
52.910
54.230
55.730
55.080
52.260
51.790
51.310
52.910
54.700
54.420
54.990
52.640
51.780
50.940
48.970
49.050
50.750
51.970
50.000
45.010
42.190
45.010
47.540
49.530
49.520
50.270
51.130
52.920
53.570
54.600
53.200
53.380
52.910
52.070
52.910
50.270
50.280
50.180
48.770
47.360
47.830
46.890
47.170
44.820
44.160
40.860
35.220
32.580
35.590
39.640
42.090
41.050
35.500
43.130
48.200
49.150
50.840
51.500
50.750
51.130
51.870
50.930
51.120
51.690
52.820
51.970
52.720
52.450
49.430
44.070
37.570
37.570
35.600
32.390
41.720
46.140
49.710
48.860
48.960
48.770
50.940
48.960
49.060
49.710
50.280
51.030
47.830
48.860
50.180
49.430
50.750
50.180
51.220
50.930
52.160
52.160
50.840
48.860
48.020
47.920
43.790
40.680
40.680
45.010
43.400
40.210
37.660
36.060
42.750
46.980
49.810
51.870
53.290
52.160
51.410
48.960
49.240
50.660
51.970
49.900
49.990
50.090
48.300
44.530
44.070
48.200
48.490
48.310
45.380
42.650
38.610
32.400
41.900
47.170
46.800
47.740
50.090
50.460
51.500
53.100
53.940
55.080
56.490
55.930
54.040
56.390
55.640
53.290
52.440
52.450
50.370
51.410
51.130
50.000
46.890
42.090
40.020
45.290
46.140
46.890
45.380
42.940
43.120
45.380
45.570
46.230
42.280
40.400
42.940
46.510
50.090
52.540
53.470
54.050
56.490
56.020
54.510
54.890
52.720
55.460
54.510
52.630
50.650
48.960
45.670
42.470
39.180
38.710
45.100
49.620
50.370
51.130
50.180
50.660
52.160
52.160
53.010
52.630
54.890
53.850
53.010
51.030
51.880
53.290
52.730
52.720
52.910
52.910
52.160
52.540
50.280
49.430
49.150
48.490
49.710
50.380
46.610
48.110
48.020
49.060
51.970
54.790
52.540
51.500
49.900
46.890
40.780
40.960
45.010
49.620
51.410
52.160
53.760
54.230
52.250
49.340
46.980
48.310
50.370
50.280
51.220
49.050
46.520
46.130
48.490
48.390
48.970
49.990
47.270
40.960
46.140
50.470
51.970
54.140
52.530
54.320
55.170
53.470
54.700
53.760
54.510
54.890
54.600
52.910
51.400
48.490
45.950
38.980
26.000
35.030
41.250
45.570
48.300
51.600
52.820
54.520
54.230
51.130
51.600
52.160
51.970
51.690
50.470
49.530
45.390
42.090
40.780
44.910
47.640
48.860
50.560
51.690
53.200
53.100
52.630
52.440
49.710
47.360
43.590
44.730
46.800
47.080
47.550
50.560
52.630
55.450
57.330
56.580
57.900
54.420
53.660
53.390
51.880
52.820
53.100
53.100
55.070
53.290
51.130
49.330
49.430
48.770
48.400
47.840
48.110
44.160
42.000
38.990
37.570
38.890
47.640
49.520
50.180
50.470
52.060
55.070
56.390
55.260
55.550
56.110
56.200
55.640
54.040
52.160
49.050
44.540
41.530
42.280
44.820
47.080
49.060
45.570
40.680
46.050
49.240
49.240
49.810
49.440
49.430
50.190
53.570
52.730
52.630
51.590
51.220
52.820
52.910
54.610
56.390
56.490
55.550
54.510
54.700
55.920
55.640
53.570
53.760
54.140
54.980
52.640
48.400
46.980
43.130
42.750
44.450
48.670
52.530
53.670
53.480
53.950
52.160
53.200
53.010
53.950
56.300
55.180
54.520
52.920
51.030
50.750
50.750
51.790
51.030
49.330
46.040
38.600
39.740
42.940
46.610
49.150
48.680
48.870
46.040
43.320
45.100
49.810
52.160
53.110
54.610
54.700
55.080
55.830
55.640
56.210
56.670
56.870
54.610
51.600
51.790
53.950
52.730
51.130
46.990
41.240
44.160
47.930
49.050
50.270
48.400
46.320
46.140
47.270
49.900
50.280
48.300
48.770
48.580
50.750
53.760
56.210
54.700
54.130
54.890
54.520
54.040
55.260
54.510
56.490
58.090
56.300
51.970
47.550
43.310
40.390
35.590
24.390
24.780
38.800
46.610
51.500
52.070
54.040
52.820
52.350
52.350
50.750
52.530
54.230
54.320
55.920
53.760
51.980
52.350
54.040
56.670
54.790
53.480
53.190
50.750
52.260
53.290
52.350
51.590
51.030
47.080
43.970
47.450
48.870
49.990
50.090
50.180
54.330
54.230
54.700
56.300
55.270
55.360
55.830
56.490
55.460
56.120
53.200
52.440
52.060
50.650
48.770
47.170
48.210
50.000
50.750
50.370
47.360
43.590
39.270
35.600
34.180
37.000
36.260
39.640
49.340
52.250
52.820
53.290
52.250
53.760
55.360
57.240
56.210
55.080
54.510
54.610
52.440
53.670
54.230
54.230
51.410
48.960
47.830
45.100
41.060
46.130
48.210
48.400
48.870
49.240
50.000
48.580
50.470
53.100
53.850
52.730
51.220
51.310
54.330
56.490
54.700
55.080
53.860
52.540
53.390
54.600
55.270
54.510
53.570
53.390
51.790
49.990
46.520
41.530
41.990
43.980
46.700
46.420
43.970
41.140
43.780
48.680
50.930
51.600
52.910
54.330
54.130
54.890
54.990
54.890
55.360
52.450
52.250
52.920
53.010
52.820
51.120
52.350
50.570
50.650
50.940
51.130
47.830
46.520
40.210
45.100
48.110
50.190
51.130
52.350
52.820
53.480
56.310
58.090
57.150
55.460
55.740
56.400
54.710
54.980
53.760
52.810
53.290
53.660
52.250
48.020
39.170
39.360
45.380
48.770
48.210
46.040
45.100
46.990
48.210
48.680
45.200
42.750
41.610
37.390
42.370
47.550
52.540
54.510
54.420
53.380
54.890
57.050
57.330
55.360
55.830
54.700
52.340
51.130
50.370
47.830
46.990
43.030
43.500
47.830
52.540
54.330
54.040
53.950
54.330
55.360
52.440
53.760
53.480
53.190
54.510
52.910
49.810
51.690
54.410
52.920
53.860
53.570
52.160
53.290
51.980
49.800
52.070
52.630
52.730
52.060
48.860
46.420
46.330
47.450
51.130
50.750
52.070
54.610
54.890
53.860
53.010
49.250
44.630
41.990
45.470
47.830
51.310
53.010
53.010
50.190
47.270
46.510
50.750
51.410
51.030
50.090
48.400
44.530
42.370
45.190
45.950
45.010
43.880
41.910
46.420
50.380
51.790
53.850
55.170
53.660
54.790
54.230
53.850
56.210
58.000
55.540
52.720
53.950
53.950
52.820
51.410
49.900
48.770
45.570
39.740
40.670
44.350
47.550
49.250
49.050
47.550
47.830
47.830
49.340
49.900
50.090
49.330
49.430
49.430
49.430
49.990
46.520
41.620
40.770
45.570
47.550
48.960
51.970
53.380
54.800
51.600
51.410
49.060
46.330
44.160
42.850
44.820
46.980
49.340
51.410
53.950
56.870
56.960
55.540
55.550
55.360
53.470
53.950
55.070
53.390
54.520
54.330
54.330
54.520
51.970
50.840
51.030
51.500
53.110
53.190
53.670
51.780
49.520
47.180
45.850
45.380
47.550
50.660
51.410
50.280
50.840
52.260
54.230
55.740
54.420
55.550
58.090
57.240
55.650
52.260
49.710
44.820
41.430
43.780
47.180
47.360
46.420
41.610
27.220
41.330
46.320
46.700
46.040
44.540
45.100
48.960
50.090
50.090
49.340
49.530
51.880
55.170
55.170
53.760
55.640
58.090
57.990
57.430
56.400
55.830
56.770
56.490
56.010
54.040
53.390
52.910
53.010
51.320
49.430
47.360
46.330
48.490
51.120
50.650
51.500
51.780
52.060
51.320
52.160
52.720
52.720
54.040
53.200
52.730
51.500
52.260
54.410
54.890
51.030
49.520
46.980
42.270
37.950
