StatType:3
NumBins:1912
StartFreq:107898100
PerBin:dB
50.000
22.320
19.780
15.460
19.690
21.570
23.550
25.720
24.870
19.320
12.630
20.910
24.770
24.300
24.960
24.580
21.570
17.340
16.860
19.500
21.760
21.950
21.190
21.010
20.350
17.050
-2.340
15.550
19.880
19.220
16.960
15.550
17.340
18.370
20.730
22.520
22.330
22.990
23.270
23.370
25.810
25.520
23.730
21.380
21.290
24.310
23.360
23.640
24.680
23.360
18.280
11.030
21.290
25.530
23.260
22.890
18.940
11.030
16.110
23.640
29.670
33.620
38.890
39.930
43.500
46.800
50.280
51.880
52.440
52.630
52.160
49.710
49.800
51.030
52.160
53.380
52.450
52.070
50.560
44.250
42.190
46.610
49.240
48.020
44.730
39.270
39.740
41.340
40.680
41.340
44.250
47.450
48.960
48.390
48.210
49.990
49.440
50.560
50.560
51.690
51.510
51.880
51.120
50.460
49.430
49.150
45.950
46.990
50.460
53.380
50.370
47.270
38.140
39.460
46.230
47.740
47.640
44.250
32.110
32.580
34.750
38.610
45.290
45.470
47.260
47.920
46.980
47.830
47.830
49.530
49.810
50.090
49.240
48.110
48.490
50.940
50.190
50.740
50.560
46.510
38.890
44.630
49.430
48.680
47.260
41.250
35.790
43.790
48.490
51.600
50.280
48.020
44.530
47.070
49.810
51.400
49.340
49.710
49.520
47.740
47.650
47.550
47.170
48.300
49.520
48.300
47.930
46.320
44.720
46.420
48.580
49.430
47.740
43.410
43.030
47.920
49.340
47.080
43.400
38.420
34.370
38.890
45.480
49.150
49.990
48.680
46.510
47.170
49.340
50.750
50.660
48.490
40.210
36.540
45.200
49.520
49.710
47.460
44.250
41.150
44.160
47.270
50.000
51.220
53.570
50.750
48.680
45.760
43.870
50.650
51.970
52.350
51.880
50.560
48.310
45.290
48.200
50.090
51.980
51.030
47.450
41.900
42.470
45.290
42.840
38.330
39.650
43.690
46.040
49.900
48.200
47.550
49.990
50.090
50.470
51.030
49.810
49.340
45.950
40.770
34.940
32.960
28.820
31.450
31.170
30.610
28.260
23.840
20.630
17.810
21.760
23.080
23.260
21.190
13.660
16.300
21.670
23.170
22.510
20.730
18.370
20.820
23.450
24.960
24.960
24.490
24.960
26.090
25.620
26.280
24.580
25.900
27.130
27.690
25.620
24.300
22.600
22.240
22.320
23.260
22.510
20.260
10.190
13.290
20.720
21.010
19.030
13.760
15.360
22.040
24.300
23.540
23.550
26.930
28.910
28.630
29.290
29.660
32.770
39.830
38.510
41.430
45.290
45.760
46.890
48.020
48.020
46.510
45.850
44.160
40.870
41.810
44.160
44.350
46.320
45.380
42.840
46.700
49.140
51.600
50.660
46.800
46.800
49.900
50.650
50.370
50.180
48.770
48.120
48.120
51.400
51.880
53.380
51.690
47.080
45.390
45.850
46.990
47.260
49.900
49.990
49.250
45.290
41.620
46.980
51.030
53.110
51.400
51.030
49.150
44.350
47.170
51.690
52.260
52.160
50.740
45.290
39.460
35.500
35.600
40.210
43.780
46.600
45.950
44.350
45.670
45.380
46.040
48.300
49.620
51.130
49.900
48.870
49.340
48.870
49.900
50.660
51.030
50.000
52.730
52.820
51.590
49.990
46.420
46.800
50.280
52.160
51.410
49.620
45.200
30.040
41.810
49.340
53.100
51.320
47.170
42.560
44.250
49.240
51.030
51.690
49.900
50.370
49.340
48.400
50.940
52.260
51.510
51.790
51.690
49.440
50.090
49.430
48.960
49.520
48.210
46.610
42.650
33.150
24.490
34.190
39.450
40.300
37.760
40.680
45.580
49.720
51.130
50.660
47.460
46.600
50.370
51.410
52.440
53.100
52.540
50.930
51.500
50.280
50.380
49.990
51.130
51.600
51.510
49.710
49.150
46.420
44.820
46.800
48.200
46.710
43.500
29.190
43.600
44.920
47.170
48.110
48.210
49.430
50.190
50.840
52.540
52.260
50.560
50.750
51.600
50.740
51.030
52.260
51.310
49.990
48.490
50.840
51.310
49.810
47.640
45.290
39.740
31.830
31.450
37.290
43.600
47.080
47.360
44.160
42.460
48.490
51.500
52.440
52.820
51.030
49.060
45.100
46.130
48.870
50.940
53.010
54.050
53.660
52.350
49.340
50.090
49.810
51.690
50.660
51.320
49.340
46.980
44.160
44.720
46.140
48.110
48.120
49.240
49.240
47.260
49.240
49.430
50.000
50.370
51.030
51.980
51.590
52.170
51.220
48.770
48.210
50.460
51.220
52.070
51.410
48.870
41.900
42.570
47.080
47.930
45.100
41.150
34.850
28.070
39.730
47.640
51.030
50.850
49.620
50.560
50.000
47.640
49.620
52.440
53.190
52.720
50.940
47.830
45.390
43.880
47.360
50.560
50.560
50.660
48.110
43.500
45.570
46.610
47.260
47.840
47.730
50.840
51.790
50.270
49.340
50.180
49.990
52.160
53.480
52.920
53.290
51.690
51.510
50.750
48.110
48.110
50.090
50.180
49.340
48.200
47.550
42.650
38.140
46.980
50.370
50.370
46.890
43.220
40.870
44.910
45.470
41.520
39.640
42.090
45.200
48.020
51.220
52.730
53.390
52.350
53.190
51.320
49.990
52.440
49.620
50.270
50.270
49.430
49.910
49.240
48.960
45.290
43.220
42.650
38.510
43.030
47.360
48.400
50.370
50.470
49.900
50.650
50.750
52.910
53.760
53.200
52.920
53.380
51.880
51.120
52.260
54.230
54.230
53.010
51.880
50.650
47.450
47.540
48.490
48.870
50.380
50.180
46.610
41.800
38.140
44.440
47.080
48.390
48.200
47.920
42.470
37.000
38.330
43.880
48.960
51.790
53.190
54.230
54.610
52.820
51.220
51.690
52.350
51.030
52.720
51.600
51.030
49.250
44.630
34.190
47.360
51.500
52.160
51.400
47.640
39.640
45.010
49.530
50.000
52.160
52.910
50.560
49.810
48.300
48.590
51.030
51.130
53.010
52.820
51.970
51.790
48.780
50.280
50.470
51.040
52.730
51.220
47.830
45.480
46.890
48.300
49.150
48.300
48.960
50.560
50.660
48.300
47.730
47.080
46.050
42.370
36.630
39.080
43.310
45.940
46.610
48.870
52.260
52.060
51.130
51.500
50.190
49.530
46.520
47.080
52.070
53.580
51.220
50.840
48.390
45.380
46.890
50.460
52.160
52.720
53.200
52.730
50.560
51.590
51.880
53.480
52.720
52.820
53.290
50.560
50.280
48.680
50.940
49.810
49.810
50.560
50.180
46.700
47.270
50.180
49.900
48.780
47.930
50.560
50.090
51.500
52.540
51.880
51.310
51.980
52.530
51.690
51.690
50.370
47.170
42.000
36.640
38.700
43.970
47.740
50.000
50.180
48.400
43.410
46.040
47.450
49.050
48.400
50.090
48.490
47.260
49.240
52.250
51.320
51.790
51.790
52.440
51.220
52.720
51.780
53.390
52.350
52.540
52.630
53.480
53.390
54.040
53.190
52.160
53.290
49.060
48.870
50.560
50.380
47.640
42.090
30.610
46.700
51.320
52.630
52.070
48.770
48.490
50.740
50.280
51.600
54.610
55.360
54.510
53.100
51.690
51.500
49.620
48.580
46.230
41.900
40.960
43.790
44.920
45.390
49.240
50.000
50.850
50.750
49.520
41.900
41.150
47.260
48.870
49.530
50.190
51.590
52.720
52.910
51.690
51.220
52.060
53.200
53.190
51.790
52.910
53.660
53.480
52.910
52.820
52.530
52.160
53.380
52.160
51.310
51.220
46.230
43.970
48.300
50.470
49.240
48.020
41.710
45.010
51.310
51.590
51.790
50.930
49.340
50.750
51.870
52.440
54.040
54.140
53.190
51.970
50.370
49.060
46.420
42.750
38.140
40.490
45.570
46.790
48.490
48.770
49.150
48.490
50.280
52.440
50.180
50.460
50.750
49.440
52.250
51.870
51.690
53.760
54.330
52.540
52.350
52.730
53.290
50.560
51.030
52.250
51.980
50.840
51.500
51.690
49.620
48.870
51.310
52.530
51.880
51.120
51.320
51.120
50.940
50.190
52.440
53.950
53.670
53.100
50.280
51.690
53.380
51.500
52.440
53.010
53.100
50.660
52.160
51.780
51.600
49.620
46.890
45.000
42.180
38.230
35.880
40.770
42.940
45.100
49.150
52.350
54.510
52.720
52.440
53.760
53.100
51.410
51.780
51.970
52.820
53.850
52.720
50.840
50.280
51.130
51.980
53.480
54.040
52.630
51.220
47.270
43.500
45.570
47.450
48.120
48.300
48.680
48.680
50.090
49.810
51.690
51.780
52.070
53.950
53.290
52.070
52.160
53.580
53.850
53.190
52.820
53.010
53.760
54.140
54.230
53.290
53.010
51.320
48.960
51.030
52.440
47.460
43.790
32.110
29.760
34.560
42.660
46.700
49.150
48.680
48.860
50.650
54.230
53.200
54.050
54.140
54.600
51.870
52.250
53.010
54.130
53.100
53.010
52.070
52.630
52.250
50.840
53.470
52.730
52.260
52.060
51.030
46.140
43.220
47.650
49.620
50.560
50.000
50.000
50.560
52.160
51.400
52.720
53.480
53.010
53.570
53.200
54.700
54.320
53.860
53.190
52.820
51.510
53.570
56.020
54.230
51.780
50.190
49.520
50.650
50.470
47.170
43.970
40.020
34.940
34.370
40.400
46.890
50.190
51.780
52.540
52.350
51.790
52.340
52.450
53.010
52.910
51.600
52.350
52.350
52.920
52.820
51.970
51.410
50.650
49.530
50.750
51.500
51.030
50.940
50.270
49.900
49.620
49.900
50.940
53.290
54.230
52.440
52.530
51.310
52.060
52.910
54.140
55.270
53.290
52.260
52.450
51.690
51.320
53.200
52.910
50.190
51.030
49.900
50.650
50.560
52.260
50.840
51.220
51.410
49.340
48.110
46.230
42.370
39.360
44.060
46.980
48.590
51.410
51.970
51.500
50.270
51.400
50.660
51.130
52.640
52.630
51.600
50.380
47.170
48.300
51.780
53.940
52.720
50.460
47.450
46.800
52.530
55.270
54.040
52.820
51.970
51.870
52.440
53.200
53.190
52.160
53.670
54.420
51.130
52.250
51.690
50.850
52.340
52.910
52.630
52.530
52.070
49.620
50.000
50.470
50.840
49.240
47.260
45.770
48.970
51.030
51.880
54.240
53.480
52.250
48.770
45.390
41.710
38.050
42.000
48.580
52.160
53.010
54.320
54.420
53.480
52.350
50.840
50.090
50.470
51.130
50.750
50.470
49.440
46.890
46.990
47.170
49.330
49.710
50.940
50.750
48.020
49.430
53.660
54.050
54.240
52.260
53.110
51.970
52.820
53.950
54.700
53.940
53.290
54.800
53.280
52.720
52.350
53.290
53.580
53.570
50.750
50.090
49.150
50.380
49.050
48.590
48.870
47.830
47.260
51.690
54.320
53.290
52.920
50.180
45.850
44.720
40.960
41.430
46.140
50.750
53.100
53.570
53.860
53.850
53.290
53.850
53.110
51.310
49.240
49.060
51.590
52.920
53.290
50.180
49.720
49.900
51.880
52.160
52.160
53.200
53.010
52.070
53.940
54.700
54.320
54.420
53.850
52.250
53.950
52.070
53.480
54.990
55.740
53.100
50.660
49.710
53.380
54.510
53.850
54.140
53.760
49.620
47.840
50.280
52.720
53.950
54.420
54.790
52.440
51.880
53.670
54.890
52.060
51.780
49.140
45.000
41.050
41.620
46.710
50.940
51.690
53.010
51.500
48.780
48.860
49.990
53.010
53.570
52.540
52.070
51.500
52.630
53.670
54.410
53.380
54.520
55.270
55.640
54.140
54.980
56.020
53.580
53.200
54.040
53.570
54.700
53.290
52.440
50.940
48.580
48.400
49.430
51.600
51.880
49.530
45.950
45.950
51.410
53.290
53.380
53.100
53.380
53.860
52.070
54.040
54.800
55.740
56.770
54.800
53.190
53.850
54.140
52.530
50.460
46.510
42.460
41.620
44.820
46.230
46.610
48.020
49.990
48.960
47.920
49.520
48.490
47.170
48.770
50.660
52.070
52.630
56.020
55.080
54.420
54.320
54.600
53.760
53.010
53.480
53.390
53.760
54.800
54.050
51.500
52.070
50.750
52.160
53.760
53.200
52.720
50.840
48.210
49.240
49.340
50.370
50.840
49.150
48.770
50.280
52.160
53.390
54.320
54.510
54.040
54.420
54.130
55.080
54.980
54.800
54.510
52.060
51.880
51.210
48.020
44.060
38.700
40.120
43.780
43.790
48.300
51.320
52.350
50.090
46.420
49.620
51.410
51.970
53.380
53.200
53.110
52.250
50.090
51.690
53.290
54.040
54.130
54.710
54.040
53.670
52.630
53.760
54.420
54.230
55.540
53.290
51.120
50.370
48.860
50.650
51.130
52.450
51.130
51.880
52.250
51.500
51.500
51.590
53.110
54.520
52.810
53.860
53.290
52.820
51.970
50.940
53.100
53.860
53.570
51.790
51.410
52.730
49.340
48.770
48.020
44.530
41.530
43.880
45.190
45.110
45.670
49.810
52.260
52.630
54.050
53.580
51.970
51.030
51.500
54.420
54.790
55.830
54.330
52.260
52.540
51.220
51.030
53.100
53.190
51.880
52.160
49.530
46.980
48.210
53.100
52.530
52.440
52.630
53.850
55.360
53.380
53.000
54.520
54.700
53.290
55.080
56.200
54.040
52.820
54.700
53.660
56.300
54.700
55.270
55.830
53.100
53.570
51.310
47.640
50.280
52.160
50.280
45.760
40.770
40.770
39.550
38.510
44.350
49.620
51.780
53.470
53.190
53.290
53.110
55.360
55.930
55.170
55.080
53.950
52.720
54.700
55.730
55.830
55.360
54.230
53.190
53.000
52.720
50.560
49.710
46.420
42.940
44.920
49.150
49.520
49.620
49.900
53.480
53.290
52.820
54.130
56.300
55.360
54.610
53.670
53.290
54.140
54.130
54.990
55.270
55.450
54.140
53.290
53.190
53.100
54.050
53.100
51.600
50.090
45.290
43.790
46.790
48.110
45.670
41.710
37.760
39.270
44.070
48.390
51.780
53.570
52.730
55.170
55.930
55.270
54.230
53.760
52.820
55.270
54.230
53.570
54.600
54.520
54.610
50.940
49.620
49.330
49.900
51.320
53.380
50.560
47.080
47.180
50.370
51.970
52.810
53.000
53.200
52.540
52.440
55.450
55.650
55.830
55.360
55.360
53.010
53.950
52.820
53.480
54.800
54.610
53.760
54.710
52.730
53.850
50.560
49.900
52.720
53.670
51.690
50.940
49.620
48.020
47.830
44.450
40.120
42.740
47.830
51.130
52.820
54.040
54.040
55.080
53.380
54.230
54.420
54.230
51.780
50.750
52.910
51.780
53.570
52.720
52.160
50.470
50.660
50.280
50.840
52.070
51.590
55.270
54.890
54.040
51.880
53.100
54.050
55.550
54.600
54.130
55.360
54.050
54.510
54.330
52.820
53.280
52.630
51.690
51.120
49.140
48.110
49.050
50.180
48.960
51.600
51.690
52.810
53.010
52.440
52.160
52.720
52.910
52.910
51.880
49.340
45.380
41.810
45.850
48.870
53.200
55.080
55.450
54.890
53.290
52.440
52.640
53.290
51.500
49.620
50.470
48.870
44.730
43.310
49.060
51.600
52.440
52.920
53.290
55.740
52.910
53.100
53.850
54.610
54.330
56.210
56.020
54.520
54.790
54.610
54.130
54.510
54.980
54.700
54.230
55.450
54.230
52.060
51.970
52.160
48.770
44.060
45.380
46.800
46.890
47.550
50.090
53.480
54.420
57.620
56.960
56.300
54.790
52.920
50.090
46.600
41.810
42.090
46.890
49.240
51.310
53.100
54.510
54.980
53.570
52.540
50.460
51.780
49.900
46.420
45.580
47.270
48.870
49.430
50.090
47.550
47.730
50.280
52.250
52.540
54.230
53.850
54.510
54.890
53.380
54.320
53.940
55.260
53.000
53.100
53.950
53.570
54.520
50.660
50.090
49.620
51.210
50.190
50.370
50.370
50.180
50.000
49.800
51.590
53.010
52.070
50.750
50.370
50.560
52.070
54.330
51.780
51.500
52.060
49.150
46.700
41.900
42.280
46.520
49.900
52.630
51.690
49.810
49.710
48.490
47.730
48.300
49.710
51.400
50.940
51.410
52.540
54.040
53.190
53.760
54.130
53.950
54.520
52.640
52.720
51.590
51.310
52.730
52.630
53.200
51.600
52.920
51.790
50.180
51.310
51.310
50.750
49.900
51.410
49.900
47.740
48.770
50.750
53.480
52.730
54.040
53.850
53.290
53.570
55.830
54.700
54.700
53.860
53.000
54.140
53.570
52.540
51.030
50.090
45.200
38.790
35.400
