StatType:5
NumBins:1912
StartFreq:107898100
PerBin:dBmV/100kHz
-18.960
-17.650
-11.150
-5.980
-0.990
1.270
2.780
3.440
4.850
5.690
5.880
5.510
4.750
4.750
4.090
3.060
2.210
2.210
2.780
1.460
2.120
2.400
1.460
2.120
2.590
3.060
2.780
4.000
4.380
5.410
4.750
5.980
5.320
4.750
4.280
5.320
4.570
4.940
4.190
4.280
2.780
1.650
1.270
0.900
2.020
2.490
2.210
1.740
2.970
4.470
5.220
4.660
5.130
5.790
5.510
5.690
4.470
3.440
1.460
-2.960
-7.670
-10.400
-6.160
-2.960
-0.890
0.140
0.900
1.370
1.840
2.590
3.530
3.810
3.910
4.570
6.920
5.510
5.600
5.790
6.170
5.690
5.510
5.510
5.410
4.570
3.810
2.210
2.400
0.990
0.240
0.330
0.520
1.840
1.840
3.340
3.620
4.940
5.510
4.940
5.410
4.660
5.130
5.040
4.570
3.720
3.150
2.310
1.460
-0.230
-1.360
-2.120
-1.740
-0.800
0.520
1.180
1.740
2.310
1.930
0.990
-0.420
-4.000
-8.140
-7.200
-1.930
0.050
1.930
2.680
2.590
1.460
0.610
-0.520
-1.830
-1.740
-1.460
-0.890
-0.050
0.800
1.930
3.150
3.620
4.570
5.410
4.850
5.130
5.880
4.380
5.510
4.850
3.810
2.490
1.930
0.050
-1.180
-2.020
-2.400
-2.120
-0.050
0.610
2.780
3.620
3.060
4.570
5.410
5.510
4.570
5.980
5.220
5.600
4.940
3.810
2.870
2.400
2.210
1.180
0.900
-0.050
-0.610
-2.120
-2.300
-4.280
-6.820
-10.120
-6.350
-0.990
1.740
3.910
5.040
5.130
5.880
5.880
5.320
4.850
4.000
3.910
2.870
2.020
1.550
-0.050
-0.330
0.050
0.610
0.800
2.020
2.590
3.250
3.910
3.810
4.380
3.720
4.280
3.530
4.090
2.590
2.400
3.150
2.680
1.080
0.900
0.610
-0.520
-0.050
0.900
1.180
1.930
3.910
4.380
5.320
4.940
5.320
5.880
5.510
5.130
4.850
5.040
4.280
3.150
1.740
-0.140
-3.530
-6.730
-12.470
-15.100
-10.120
-5.130
-1.650
0.240
1.460
2.310
2.490
3.530
3.440
3.720
4.570
3.910
3.910
3.910
3.720
2.680
2.020
1.270
0.140
-0.610
-0.890
-0.700
-0.800
0.520
1.460
2.870
4.280
5.130
4.280
4.850
4.380
5.410
5.040
4.750
5.040
4.380
3.810
2.680
1.740
0.900
-0.050
-1.360
-2.300
-1.930
-1.650
0.140
1.370
1.180
3.150
4.090
4.940
4.470
5.510
5.600
3.810
3.440
0.900
-2.590
-5.790
-8.140
-11.340
-12.560
-13.600
-13.980
-14.350
-13.220
-11.530
-8.800
-4.940
-0.610
7.290
26.490
6.820
1.930
-0.890
-3.150
-4.850
-6.630
-8.230
-9.930
-11.430
-13.130
-15.100
-16.330
-18.210
-19.810
-20.560
-20.560
-20.470
-20.850
-19.720
-18.400
-17.550
-16.800
-16.230
-15.950
-15.860
-15.860
-16.140
-16.610
-16.990
-17.550
-18.120
-18.960
-19.900
-21.030
-22.160
-23.290
-23.480
-22.730
-21.500
-20.000
-18.490
-17.650
-16.700
-15.480
-13.600
-12.940
-10.870
-5.600
-0.890
0.990
1.840
2.870
3.530
1.180
0.800
0.240
-2.960
-4.470
-3.620
-2.780
-0.990
1.370
2.490
3.530
4.190
4.380
4.660
5.410
5.220
5.220
4.190
4.190
3.720
4.380
3.150
1.740
0.990
-0.140
-1.080
-2.210
-2.780
-0.990
-0.230
1.840
3.250
3.440
5.220
5.790
5.410
5.040
6.260
5.980
5.690
4.660
5.600
5.410
4.850
3.530
2.870
1.930
1.370
-0.610
-2.400
-3.900
-6.540
-9.180
-11.060
-6.070
-1.360
1.740
3.620
5.040
5.130
6.350
5.510
5.690
4.850
3.530
3.720
2.970
2.870
0.140
-0.800
-0.890
-1.650
-1.650
0.610
0.990
2.310
4.000
4.280
5.600
4.750
4.750
5.040
5.600
5.130
5.320
4.750
5.220
4.000
2.870
2.490
-0.230
-1.360
-2.300
-2.870
-1.460
-0.230
0.610
2.210
3.340
3.810
4.750
5.600
6.450
6.170
5.600
5.790
5.410
3.620
2.490
-0.230
-4.090
-8.520
-15.760
-16.890
-12.750
-8.890
-4.470
-0.700
1.370
2.970
3.060
4.470
4.470
5.510
5.220
5.130
6.170
5.880
5.410
4.000
3.060
3.060
1.270
-0.140
-1.650
-2.210
-3.060
-2.120
0.240
2.120
3.250
3.910
4.000
5.880
6.640
6.920
6.170
6.070
5.410
4.850
5.130
3.340
2.970
2.310
1.840
0.140
-0.700
-2.020
-1.740
-1.080
-0.420
2.310
2.020
3.620
3.720
4.850
5.130
5.690
3.620
2.120
0.420
-4.190
-9.080
-7.860
-2.780
-1.180
-0.230
1.080
0.420
-0.140
-0.420
1.270
1.930
2.780
3.620
3.530
5.130
5.320
5.690
5.980
5.220
5.220
4.380
3.910
4.000
2.970
2.490
2.310
0.710
-1.460
-1.740
-1.930
-0.700
-0.520
1.180
2.490
2.970
2.970
4.380
5.600
4.750
4.940
6.350
5.510
6.170
5.880
4.940
3.440
2.210
1.270
-1.360
-2.590
-3.810
-4.380
-2.680
-0.990
0.140
1.550
1.270
0.520
-0.800
-5.220
-8.140
-3.530
0.240
2.780
3.720
3.440
2.780
2.120
0.990
-0.700
-1.740
-5.410
-6.450
-4.560
-2.590
-0.330
0.990
1.740
2.870
4.190
4.280
4.750
5.220
6.170
5.690
5.600
5.690
4.190
4.850
4.090
2.970
1.080
-1.740
-2.870
-4.090
-3.620
-1.270
1.080
2.490
3.910
4.750
5.690
5.790
6.170
7.580
6.450
6.820
6.260
6.350
5.410
4.850
3.340
1.930
0.330
-1.740
-4.280
-5.690
-7.200
-9.080
-11.530
-10.020
-3.900
-0.050
3.440
4.380
5.980
6.350
6.260
5.790
6.730
5.220
5.790
4.940
4.280
3.620
1.740
0.610
-1.270
-1.550
-0.800
0.710
2.310
4.280
4.470
5.130
6.260
6.920
7.110
7.010
7.290
6.260
6.170
5.880
4.660
3.910
2.590
0.710
-1.830
-4.560
-5.880
-6.160
-4.090
-1.080
1.270
2.400
4.000
4.190
5.040
6.170
7.290
6.450
6.170
5.790
5.040
4.660
2.680
0.710
-2.960
-8.230
-15.010
-15.580
-12.850
-9.550
-5.030
-0.890
1.650
3.440
3.810
4.090
4.190
5.220
5.600
5.790
6.260
6.070
5.220
4.940
4.090
2.970
2.310
-0.230
-2.020
-5.130
-5.600
-3.900
-2.400
-0.420
2.310
3.440
3.440
4.850
5.130
6.170
6.920
6.350
6.070
5.320
5.690
4.280
3.250
2.400
1.460
-0.230
-1.550
-3.250
-3.720
-1.740
0.140
2.020
2.780
4.470
4.470
5.220
6.450
5.690
5.040
2.870
-0.230
-3.530
-7.200
-4.660
-1.650
0.710
1.650
-0.050
-1.830
-2.680
-2.960
-1.830
-0.890
1.180
2.870
3.910
4.750
6.170
6.260
7.200
7.770
6.450
6.820
7.110
6.260
5.220
3.620
2.020
0.900
-0.520
-3.810
-5.220
-4.560
-1.830
0.330
2.490
3.340
4.280
5.980
5.880
6.540
7.010
7.580
5.980
5.790
5.600
4.750
4.000
3.910
1.930
0.050
-2.870
-6.070
-9.460
-8.140
-4.560
-3.250
-0.800
0.420
0.240
-1.650
-6.920
-7.950
-2.870
0.800
2.120
3.250
4.090
3.440
2.490
1.550
-0.520
-2.490
-6.070
-9.080
-10.490
-6.350
-2.210
-0.230
1.650
4.000
4.570
6.070
6.450
6.640
6.640
6.820
7.110
6.450
6.730
5.510
3.250
2.210
0.800
-2.210
-4.090
-8.230
-7.390
-4.280
-2.120
0.050
2.020
3.340
4.380
5.320
6.070
6.450
6.540
7.110
7.110
4.850
5.510
4.570
3.530
2.490
2.120
-1.180
-3.720
-6.630
-8.050
-8.990
-11.250
-8.140
-2.020
0.990
4.380
5.790
7.670
8.050
7.390
8.330
7.010
6.820
5.980
5.790
4.660
3.340
1.270
-1.460
-2.680
-4.850
-3.900
-1.080
1.930
2.590
4.090
6.540
5.600
6.070
6.820
7.480
8.050
8.240
7.390
6.450
6.170
4.750
4.000
2.490
0.420
-2.300
-5.690
-6.260
-3.620
-0.520
2.310
3.340
4.280
5.130
6.070
6.730
6.920
6.820
7.480
7.110
7.200
6.450
4.280
1.180
-2.210
-8.890
-15.950
-16.420
-18.120
-11.900
-5.410
-2.590
-0.140
2.780
2.970
4.000
4.850
5.980
6.350
7.480
6.350
6.920
7.010
5.790
4.570
3.720
1.840
-1.460
-4.000
-8.230
-15.390
-8.050
-3.530
-0.230
1.270
4.280
5.040
5.790
6.730
6.170
6.640
7.200
5.980
6.730
6.730
5.790
5.790
4.380
2.590
0.240
-3.150
-6.820
-10.120
-5.320
-1.360
1.270
2.870
4.570
5.880
6.450
7.010
7.110
6.070
4.570
0.610
-4.940
-6.350
-2.590
0.050
0.420
0.800
-1.740
-4.660
-8.420
-9.550
-5.790
-1.360
0.520
2.780
4.570
6.350
6.820
7.860
8.140
8.140
8.520
8.240
8.050
8.240
7.010
5.880
4.470
2.400
1.180
-1.830
-6.540
-8.610
-4.560
-0.610
1.550
3.250
3.810
5.410
6.070
7.390
6.920
7.950
7.580
7.200
6.260
6.640
5.980
4.470
3.440
1.740
-1.360
-6.260
-12.000
-8.700
-3.060
-1.180
0.990
1.460
0.050
-1.740
-6.070
-4.380
0.800
3.620
5.320
6.730
6.450
6.170
5.690
4.000
3.440
1.270
-2.300
-7.950
-21.600
-9.830
-3.340
-0.140
1.550
2.970
4.940
5.220
6.070
6.820
6.820
7.480
7.480
6.730
6.260
5.600
5.410
3.720
1.550
-0.420
-3.150
-9.830
-13.220
-5.220
-1.740
2.590
4.000
5.220
6.730
6.730
7.290
7.480
8.520
8.990
8.240
8.140
7.860
7.670
5.600
4.850
3.340
-0.140
-4.380
-12.940
-16.330
-15.290
-14.630
-8.800
-2.300
1.080
3.620
6.450
8.140
7.860
8.240
8.420
7.950
7.480
7.580
6.730
6.820
3.810
3.620
0.330
-2.210
-6.350
-7.480
-3.620
0.140
3.620
5.690
5.790
6.640
7.200
8.050
8.610
8.890
9.080
9.270
8.990
8.610
7.110
5.220
2.970
1.840
-0.890
-4.750
-9.360
-8.050
-4.280
-0.610
0.990
4.000
5.980
5.880
6.730
7.670
7.290
7.670
8.140
7.480
6.350
4.570
1.080
-2.300
-8.890
-13.130
-12.190
-14.450
-19.900
-8.140
-2.120
2.310
4.750
6.170
7.110
7.390
8.050
8.520
9.270
8.240
8.140
7.110
6.640
5.690
4.750
2.780
0.710
-1.180
-4.380
-13.880
-12.850
-4.940
-0.610
0.990
4.470
5.690
6.540
8.050
7.290
8.140
8.520
8.420
8.140
7.290
6.730
5.880
4.380
2.870
1.650
-1.830
-6.920
-18.780
-9.930
-2.960
-0.050
2.780
5.410
6.450
7.290
7.860
7.580
6.070
3.910
0.420
-4.190
-4.660
-0.330
2.120
2.870
3.720
1.930
-0.610
-5.320
-12.090
-7.010
-2.490
1.460
4.090
4.940
6.350
6.730
8.140
8.990
9.550
8.050
8.610
8.890
7.770
7.860
5.980
5.040
3.910
2.590
-1.270
-7.290
-13.220
-6.630
-1.360
0.800
2.310
4.570
5.880
6.820
7.950
8.610
8.140
8.140
8.800
8.520
8.050
7.580
6.920
5.880
2.780
0.420
-3.250
-10.120
-23.010
-7.480
-2.300
-0.140
-0.700
-0.330
-3.060
-5.500
-2.210
2.310
5.040
6.540
8.140
8.140
8.330
6.540
6.260
4.000
2.590
-0.520
-4.470
-12.750
-11.720
-4.560
0.240
2.780
4.570
5.220
7.200
8.050
8.710
8.520
8.800
8.710
9.650
9.080
8.610
7.010
5.790
4.660
2.120
-1.270
-5.600
-16.140
-11.530
-4.660
1.080
2.020
4.470
5.510
6.730
6.820
7.390
8.710
8.610
9.650
9.180
7.770
7.110
6.640
5.040
3.340
1.740
-1.740
-8.330
-21.600
-20.190
-15.670
-7.670
-1.360
2.780
5.220
7.860
8.520
9.080
9.550
9.650
9.180
8.990
9.180
9.080
7.110
5.690
5.220
2.120
-0.610
-4.560
-10.400
-7.480
-1.830
2.020
3.340
5.220
5.690
6.450
8.050
7.390
7.480
8.800
8.800
7.770
7.200
6.820
5.690
4.940
4.380
1.270
-2.400
-7.860
-14.820
-7.010
-0.330
2.120
4.000
5.600
7.390
7.110
8.890
9.460
8.890
8.990
8.420
7.860
6.350
2.780
-1.360
-7.670
-9.180
-7.200
-7.480
-12.090
-18.680
-4.940
-0.700
2.780
4.750
5.410
6.260
7.480
8.050
8.710
8.330
8.610
8.420
8.240
7.860
6.350
5.130
4.940
1.460
-0.990
-7.100
-20.190
-9.460
-3.340
0.520
3.530
4.660
6.450
7.390
7.670
7.860
8.240
8.420
8.240
8.420
8.050
7.580
6.260
4.660
3.340
1.370
-2.020
-9.550
-22.540
-6.920
-2.680
1.460
3.910
4.850
6.070
6.540
6.170
5.600
3.720
-0.890
-5.130
-3.620
1.180
3.530
3.810
3.340
1.650
-0.800
-4.280
-9.360
-9.460
-5.130
-1.080
2.490
4.380
5.790
6.540
7.480
7.950
7.670
8.420
8.800
8.710
7.670
7.480
6.450
5.220
4.190
1.650
-0.990
-5.790
-14.160
-11.530
-4.090
-0.140
3.060
5.040
5.320
6.260
7.480
8.890
8.140
8.610
8.520
7.770
7.580
6.920
6.350
4.190
3.720
1.180
-1.740
-5.690
-16.700
-13.880
-4.850
-2.210
-1.550
-1.460
-5.410
-6.730
-1.740
2.490
6.350
7.580
9.550
9.080
7.580
8.050
6.450
5.510
3.720
2.400
0.140
-4.280
-11.430
-12.660
-4.380
-0.420
2.120
3.810
5.410
7.580
7.110
7.770
7.670
8.240
7.770
7.770
8.330
8.140
6.260
4.380
3.620
1.930
-1.930
-6.630
-20.560
-8.520
-2.210
1.080
3.150
4.190
6.450
7.290
6.820
8.050
8.330
8.330
7.480
7.110
7.290
6.820
5.600
3.810
1.650
-2.680
-7.670
-18.400
-24.050
-16.800
-7.950
-2.300
2.020
5.040
5.980
6.820
7.950
7.200
8.240
8.710
8.330
7.950
7.110
5.980
4.000
4.000
1.650
-1.460
-5.790
-13.030
-8.890
-2.680
0.990
3.530
4.470
6.920
7.860
7.950
8.050
8.420
8.420
8.610
8.520
8.330
8.330
6.350
5.600
3.440
1.180
-1.830
-7.580
-19.810
-10.020
-2.870
0.330
3.060
3.810
5.320
6.730
6.820
8.800
9.080
7.770
8.420
7.290
4.940
2.310
-2.210
-7.760
-8.140
-6.350
-5.880
-9.460
-18.120
-10.020
-4.190
-1.270
2.310
4.570
4.850
5.510
6.260
7.950
8.990
8.050
8.050
8.050
7.670
8.050
6.070
3.910
2.870
1.270
-2.020
-7.480
-21.410
-10.400
-4.940
-1.180
1.840
3.150
4.940
6.350
7.950
7.290
7.290
7.200
7.010
6.820
6.920
6.350
4.000
3.340
1.370
-1.930
-6.630
-15.580
-13.600
-5.880
-1.180
1.080
3.440
5.320
4.850
5.130
4.090
1.550
-2.590
-5.880
-2.780
1.180
2.490
2.680
2.780
1.080
-0.700
-4.000
-10.210
-14.070
-7.010
-2.780
1.180
3.060
5.320
5.690
7.480
7.860
7.290
7.950
8.330
8.330
6.820
6.640
4.750
4.750
4.190
1.930
-1.460
-4.560
-12.850
-13.980
-5.600
-1.930
0.990
2.970
5.690
6.820
7.290
7.950
7.950
8.140
8.420
8.610
8.330
7.290
6.730
5.880
3.810
2.780
-0.890
-4.380
-10.680
-26.780
-9.650
-5.690
-4.850
-4.750
-8.140
-7.760
-2.300
1.460
4.380
6.540
6.640
6.920
7.010
6.820
6.640
5.320
4.090
1.370
0.900
-2.300
-8.330
-29.220
-9.460
-3.250
0.900
2.490
2.870
3.810
5.600
5.600
5.880
6.350
6.820
6.170
6.170
5.130
4.850
3.250
1.840
-0.800
-3.430
-8.520
-18.490
-13.220
-6.630
-2.120
0.800
2.490
3.720
4.380
5.040
6.350
6.730
6.350
5.880
5.980
5.980
4.750
3.440
1.550
-1.080
-5.220
-10.490
-20.470
-25.180
-17.180
-9.180
-3.340
1.270
3.720
4.470
6.450
8.140
7.860
8.420
7.860
7.290
7.390
7.480
4.750
3.620
1.650
-0.420
-4.090
-8.050
-13.410
-8.520
-3.900
-1.180
1.370
2.400
4.380
6.170
6.820
7.010
8.050
7.580
7.480
7.110
6.540
6.820
4.940
3.810
3.060
0.710
-2.870
-7.010
-17.740
-9.930
-3.720
0.140
2.870
3.810
4.850
6.540
6.540
6.730
7.770
7.770
6.350
4.660
2.490
0.050
-6.350
-11.250
