StatType:5
NumBins:1912
StartFreq:299898100
PerBin:dBmV/100kHz
-16.790
-20.080
-16.130
-12.180
-9.540
-8.030
-7.560
-7.940
-7.000
-8.600
-8.410
-9.350
-9.540
-11.230
-11.520
-11.800
-11.800
-10.950
-10.100
-9.160
-8.320
-7.380
-6.060
-6.430
-5.120
-4.460
-4.360
-3.610
-3.050
-2.760
-2.760
-2.480
-1.730
-3.230
-2.580
-3.140
-4.180
-3.140
-3.520
-2.760
-4.360
-5.120
-5.120
-5.960
-6.250
-7.280
-7.090
-8.320
-8.790
-9.630
-10.760
-12.080
-11.890
-11.140
-10.860
-9.540
-10.580
-10.860
-12.180
-14.150
-19.140
-19.330
-13.780
-9.730
-8.030
-5.400
-4.180
-3.230
-3.050
-2.390
-2.760
-2.200
-2.200
-3.800
-4.830
-5.120
-6.060
-7.560
-8.690
-9.630
-11.230
-12.830
-14.720
-16.410
-17.730
-18.100
-19.330
-22.620
-24.880
-25.260
-19.990
-15.850
-13.210
-11.140
-9.260
-7.750
-7.090
-6.150
-4.930
-4.930
-4.650
-5.490
-5.680
-5.590
-5.300
-6.810
-7.940
-8.030
-8.790
-9.070
-10.010
-9.450
-9.920
-10.760
-10.670
-12.180
-13.020
-16.880
-19.050
-23.750
-28.550
-27.230
-22.900
-19.800
-17.630
-15.190
-13.210
-12.080
-10.760
-10.010
-9.630
-9.070
-8.410
-7.940
-8.220
-7.380
-7.280
-7.660
-7.000
-8.790
-9.160
-9.260
-10.670
-10.670
-12.080
-12.650
-12.360
-12.930
-13.210
-14.060
-13.870
-14.720
-15.090
-16.320
-16.690
-16.410
-16.500
-15.190
-13.870
-11.610
-10.480
-9.540
-7.000
-7.660
-6.530
-5.870
-6.150
-4.460
-5.020
-4.080
-4.650
-4.270
-4.930
-5.020
-5.680
-6.900
-8.790
-10.580
-15.280
-20.080
-25.450
-25.160
-23.750
-26.670
-34.760
-28.080
-22.620
-18.950
-16.220
-13.590
-12.460
-10.580
-9.450
-8.320
-7.470
-6.620
-5.590
-3.990
-4.360
-4.270
-3.700
-3.520
-3.420
-2.950
-3.520
-3.700
-4.550
-5.300
-5.210
-6.530
-8.130
-8.500
-8.790
-9.070
-11.140
-12.360
-13.400
-13.490
-15.940
-19.050
-21.870
-24.790
-22.720
-17.730
-14.340
-12.740
-10.390
-8.600
-6.720
-6.430
-6.250
-5.680
-5.590
-5.210
-4.930
-5.960
-6.530
-8.880
-11.700
-17.540
-19.420
-14.620
-11.420
-9.070
-7.380
-7.280
-7.280
-7.470
-7.660
-8.880
-9.730
-10.860
-13.120
-16.410
-18.760
-24.130
-26.860
-21.300
-17.070
-13.960
-11.610
-11.140
-9.540
-9.160
-8.600
-8.500
-7.000
-7.000
-7.560
-7.090
-7.280
-7.000
-7.280
-7.280
-7.190
-5.590
-7.280
-5.490
-5.590
-5.780
-6.150
-7.190
-8.410
-9.820
-10.390
-12.460
-13.960
-17.630
-21.400
-28.930
-26.580
-20.830
-18.100
-14.900
-12.740
-12.360
-13.210
-13.590
-16.030
-20.360
-17.630
-13.300
-9.920
-6.250
-5.400
-4.550
-4.180
-4.460
-4.460
-5.020
-5.780
-7.000
-7.380
-8.320
-10.480
-12.080
-12.460
-13.960
-16.030
-17.070
-18.480
-19.700
-21.120
-19.610
-16.030
-14.530
-12.180
-10.290
-8.410
-6.900
-6.060
-5.870
-3.890
-4.080
-4.740
-3.990
-3.140
-3.330
-4.180
-3.420
-4.550
-5.960
-5.960
-5.400
-6.530
-7.380
-6.720
-7.560
-8.220
-7.000
-8.130
-8.410
-9.920
-10.290
-10.950
-13.780
-15.560
-17.820
-22.250
-24.790
-21.300
-16.130
-11.700
-9.540
-8.320
-6.900
-6.060
-5.120
-5.400
-5.590
-5.400
-4.930
-4.360
-4.830
-4.830
-4.270
-4.740
-3.520
-4.180
-4.270
-5.120
-4.460
-5.400
-5.490
-7.000
-6.900
-7.660
-9.160
-10.480
-12.360
-15.090
-16.980
-18.100
-18.580
-18.100
-16.690
-15.660
-13.120
-14.060
-12.550
-11.700
-11.330
-10.860
-8.980
-8.980
-8.220
-6.430
-6.900
-5.590
-5.120
-4.740
-3.990
-5.020
-5.300
-6.150
-7.190
-9.540
-13.120
-19.230
-21.780
-17.730
-14.720
-12.830
-13.120
-13.020
-14.340
-13.590
-14.810
-14.250
-15.750
-15.470
-15.470
-13.590
-12.550
-11.050
-9.920
-8.410
-7.090
-6.810
-5.960
-6.150
-5.590
-5.960
-6.250
-7.940
-7.660
-8.030
-8.600
-9.730
-10.200
-10.290
-10.290
-10.950
-11.330
-12.650
-13.870
-16.410
-21.020
-26.760
-32.690
-22.060
-17.450
-14.530
-12.930
-10.860
-10.950
-10.580
-9.820
-9.450
-9.450
-11.700
-11.800
-12.830
-11.890
-11.800
-12.740
-14.530
-17.450
-21.300
-19.890
-17.070
-14.720
-12.550
-13.960
-14.060
-18.100
-20.550
-22.620
-19.700
-15.940
-14.530
-11.610
-10.670
-11.140
-10.480
-10.290
-10.200
-10.390
-9.540
-9.540
-9.540
-9.350
-7.750
-7.560
-6.060
-6.150
-6.430
-5.120
-5.300
-5.960
-4.740
-6.150
-7.090
-7.000
-7.190
-9.070
-10.290
-11.330
-12.080
-14.810
-16.690
-17.820
-20.180
-19.330
-17.160
-16.600
-14.430
-13.210
-12.360
-11.140
-10.290
-9.540
-8.130
-9.350
-9.540
-9.820
-12.080
-15.190
-16.320
-15.850
-10.290
-7.660
-5.300
-4.650
-4.360
-3.330
-3.890
-5.210
-4.360
-4.460
-5.590
-6.900
-7.470
-8.320
-9.540
-9.630
-10.670
-10.580
-10.670
-10.580
-10.860
-11.230
-10.580
-8.690
-8.030
-7.380
-6.810
-5.680
-5.870
-4.270
-3.700
-4.180
-4.180
-2.670
-4.180
-3.700
-3.990
-3.890
-4.550
-3.800
-4.180
-3.800
-3.890
-3.990
-3.800
-4.080
-3.700
-4.460
-5.120
-5.870
-6.340
-7.560
-7.660
-10.290
-13.300
-17.160
-20.830
-26.390
-28.180
-22.810
-18.480
-14.810
-11.990
-10.580
-9.160
-7.850
-7.090
-5.780
-4.080
-4.830
-3.230
-3.890
-3.140
-4.360
-3.420
-4.740
-4.180
-5.490
-7.000
-7.380
-7.560
-8.880
-9.450
-9.450
-9.820
-10.670
-10.950
-11.330
-13.300
-14.060
-16.600
-18.860
-20.550
-19.700
-17.350
-14.620
-12.270
-11.140
-9.540
-8.500
-8.220
-8.220
-7.190
-7.190
-7.280
-8.320
-8.980
-9.260
-9.350
-9.920
-9.820
-10.290
-9.920
-10.950
-11.800
-13.400
-17.070
-22.620
-22.530
-17.820
-16.030
-14.530
-15.560
-15.850
-17.160
-18.950
-20.930
-21.870
-21.210
-18.390
-15.940
-13.120
-11.420
-9.820
-9.160
-8.880
-8.320
-7.090
-7.560
-8.790
-8.600
-9.540
-8.980
-9.350
-11.330
-10.290
-11.230
-10.480
-9.820
-10.200
-9.450
-10.100
-9.920
-11.230
-13.300
-15.660
-19.050
-24.410
-25.450
-18.950
-15.940
-12.930
-10.580
-10.670
-9.630
-8.880
-7.850
-8.410
-8.410
-7.280
-7.470
-7.380
-6.620
-7.660
-9.160
-11.230
-15.470
-19.610
-17.260
-12.740
-9.730
-8.030
-8.790
-7.090
-8.320
-9.350
-11.140
-11.890
-13.870
-17.630
-18.760
-20.460
-21.210
-20.830
-18.670
-16.030
-13.120
-11.700
-9.730
-8.980
-7.000
-7.280
-6.530
-5.210
-5.960
-4.460
-5.020
-5.400
-4.930
-5.590
-6.720
-5.870
-7.190
-7.660
-7.380
-8.410
-9.070
-9.260
-8.500
-9.540
-10.100
-10.480
-12.460
-13.020
-15.380
-16.030
-17.450
-17.820
-17.450
-15.850
-13.210
-13.300
-12.650
-13.210
-13.960
-17.450
-21.590
-24.320
-20.550
-15.470
-12.460
-9.730
-8.220
-7.190
-7.750
-7.000
-7.190
-6.150
-7.660
-7.560
-7.280
-8.220
-8.690
-10.580
-11.700
-12.930
-15.190
-16.600
-19.230
-21.020
-23.850
-31.470
-47.280
-29.020
-23.560
-20.180
-18.010
-17.070
-14.340
-15.090
-13.680
-11.890
-11.420
-10.670
-9.350
-8.410
-6.810
-7.090
-6.620
-6.900
-7.560
-6.250
-6.900
-6.900
-8.130
-9.260
-10.670
-12.080
-13.020
-15.750
-18.580
-22.060
-30.060
-40.410
-32.690
-31.560
-33.540
-32.790
-27.610
-23.280
-20.930
-19.140
-16.690
-15.280
-13.300
-12.550
-9.070
-9.450
-8.220
-7.090
-6.340
-5.120
-5.490
-5.210
-6.620
-7.280
-8.130
-7.380
-8.880
-9.350
-10.390
-11.050
-13.210
-13.780
-14.900
-14.720
-15.090
-16.320
-16.030
-15.380
-15.090
-14.250
-13.780
-12.180
-11.050
-9.820
-8.500
-8.320
-8.320
-6.720
-6.250
-6.810
-6.720
-5.780
-6.060
-7.000
-6.250
-6.620
-8.220
-7.660
-7.750
-8.410
-9.540
-10.760
-13.020
-16.220
-21.210
-20.270
-16.600
-13.120
-12.360
-11.700
-12.360
-13.400
-12.650
-12.830
-13.400
-12.830
-11.990
-12.270
-11.610
-11.330
-10.950
-10.390
-10.670
-10.390
-9.160
-9.160
-9.160
-8.690
-9.160
-9.160
-9.070
-8.600
-7.750
-8.600
-8.500
-9.450
-9.350
-8.690
-9.070
-9.160
-9.450
-9.540
-9.630
-10.860
-11.050
-11.330
-11.800
-11.990
-11.420
-10.760
-11.330
-10.200
-9.730
-9.630
-9.260
-8.220
-7.660
-7.850
-7.660
-8.410
-8.600
-10.480
-12.550
-17.730
-21.400
-18.860
-15.280
-12.740
-11.700
-12.180
-12.180
-11.990
-12.460
-12.360
-12.080
-12.270
-11.890
-12.830
-12.360
-12.360
-12.550
-13.120
-13.490
-12.830
-13.590
-13.400
-13.300
-12.830
-13.780
-13.680
-14.430
-14.530
-14.250
-15.380
-17.070
-17.730
-17.920
-17.730
-18.480
-18.200
-19.330
-18.760
-18.010
-18.580
-16.980
-16.790
-17.630
-18.390
-18.670
-19.990
-21.120
-22.810
-23.280
-24.790
-23.090
-23.000
-21.400
-20.080
-19.330
-18.580
-18.100
-18.950
-21.680
-26.200
-26.580
-21.210
-18.290
-14.900
-14.150
-13.400
-13.780
-13.490
-14.530
-16.030
-16.790
-18.010
-18.950
-21.680
-20.830
-21.960
-22.250
-22.250
-21.780
-20.360
-20.930
-19.330
-18.480
-17.540
-17.540
-16.600
-15.940
-15.090
-13.960
-14.720
-15.090
-14.900
-14.530
-13.210
-13.590
-13.870
-14.620
-14.620
-13.960
-14.620
-14.430
-15.000
-15.560
-16.790
-17.070
-17.820
-18.100
-18.200
-18.100
-18.580
-17.350
-17.260
-16.320
-16.600
-16.220
-15.750
-14.810
-16.030
-19.330
-22.430
-20.550
-15.470
-11.420
-8.980
-8.600
-7.280
-7.090
-7.470
-7.470
-7.850
-8.500
-8.790
-10.010
-11.610
-11.520
-13.490
-14.810
-15.750
-15.750
-15.660
-15.660
-14.430
-13.400
-12.740
-11.800
-11.700
-10.670
-9.630
-8.690
-9.820
-9.160
-8.410
-8.130
-7.380
-7.380
-7.660
-8.880
-9.160
-9.260
-9.630
-9.350
-10.290
-10.200
-9.730
-9.730
-8.880
-8.980
-8.320
-8.880
-8.130
-8.790
-9.160
-9.070
-11.230
-11.800
-13.490
-15.090
-18.580
-24.320
-30.340
-32.790
-33.730
-34.670
-35.230
-35.700
-35.230
-35.140
-34.760
-35.230
-35.230
-34.760
-34.480
-34.290
-34.010
-33.730
-33.450
-33.730
-33.540
-34.100
-34.290
-34.950
-35.330
-36.180
-37.680
-38.620
-40.500
-42.010
-43.800
-45.020
-48.320
-48.880
-50.010
-49.730
-48.880
-48.500
-46.810
-45.210
-45.120
-44.650
-44.460
-43.990
-44.650
-45.680
-47.000
-49.540
-51.610
-54.150
-52.360
-49.540
-46.620
-45.870
-43.890
-43.140
-42.480
-42.570
-41.820
-41.540
-41.630
-41.630
-40.320
-40.600
-41.160
-41.630
-42.860
-43.050
-43.610
-44.930
-46.530
-50.200
-57.820
-60.080
-51.230
-45.680
-42.950
-40.790
-39.190
-38.060
-37.120
-36.740
-35.990
-35.330
-35.140
-34.950
-35.050
-35.140
-35.700
-35.800
-36.180
-35.330
-34.390
-34.290
-34.580
-34.860
-35.330
-36.360
-37.590
-39.660
-41.730
-45.020
-49.540
-47.000
-41.920
-39.280
-35.700
-34.390
-33.160
-31.750
-31.560
-31.000
-31.560
-31.940
-32.500
-33.540
-33.260
-32.030
-30.530
-28.650
-27.230
-25.730
-24.500
-23.470
-22.620
-21.870
-21.210
-20.460
-20.180
-19.520
-18.950
-17.450
-15.090
-8.600
3.730
-13.490
-17.820
-22.530
-26.200
-31.000
-39.940
-48.130
-35.890
-31.940
-29.300
-27.890
-26.760
-26.010
-25.540
-25.350
-25.450
-25.450
-25.920
-26.580
-27.330
-28.080
-28.930
-30.060
-30.620
-30.720
-31.850
-32.130
-32.690
-34.390
-35.330
-36.650
-38.900
-42.100
-49.070
-54.340
-47.850
-42.760
-39.850
-37.680
-36.460
-35.700
-36.830
-36.740
-36.830
-37.680
-38.810
-40.500
-43.140
-46.530
-51.520
-52.080
-49.540
-44.170
-43.140
-41.450
-40.410
-39.560
-39.380
-39.190
-38.900
-40.030
-39.850
-39.850
-39.850
-43.520
-43.610
-42.860
-41.820
-42.200
-42.010
-42.570
-43.140
-43.610
-45.590
-47.090
-48.790
-51.230
-50.010
-47.750
-46.720
-44.650
-43.140
-42.290
-41.630
-41.540
-41.450
-42.100
-42.200
-42.200
-42.950
-43.140
-44.170
-45.770
-45.400
-48.220
-51.990
-53.590
-53.770
-52.550
-49.540
-46.810
-44.930
-43.800
-43.420
-42.670
-41.730
-41.730
-42.100
-42.950
-42.760
-44.080
-44.170
-44.360
-43.610
-42.010
-41.070
-40.130
-39.380
-38.430
-38.060
-38.150
-38.060
-38.250
-39.470
-40.320
-41.920
-43.800
-47.750
-53.020
-57.540
-56.030
-50.200
-47.190
-45.770
-45.120
-45.490
-45.490
-48.130
-51.990
-58.570
-64.320
-52.650
-47.470
-44.460
-41.920
-40.320
-38.810
-37.870
-37.300
-36.740
-36.550
-36.270
-36.460
-36.650
-36.740
-36.740
-37.120
-37.400
-37.590
-38.430
-39.000
-39.850
-40.790
-42.480
-44.080
-46.150
-50.010
-54.060
-65.260
-58.390
-52.270
-48.220
-47.090
-45.960
-44.830
-43.990
-44.550
-44.550
-45.870
-45.120
-44.740
-44.080
-42.390
-42.200
-41.260
-40.790
-40.220
-39.660
-39.190
-39.000
-39.280
-38.620
-38.900
-38.620
-38.810
-38.250
-38.340
-37.960
-37.490
-34.580
-33.450
-33.350
-33.730
-34.480
-34.390
-35.050
-36.360
-38.340
-40.410
-43.330
-49.730
-53.960
-47.090
-43.140
-39.660
-37.870
-35.520
-34.100
-33.160
-32.220
-30.620
-29.590
-27.990
-26.480
-24.600
-22.530
-17.350
-12.740
-10.670
-6.810
-5.870
-6.250
-6.340
-6.530
-7.660
-7.750
-7.850
-8.410
-8.790
-8.320
-9.820
-10.290
-10.480
-9.450
-10.390
-10.760
-10.950
-10.200
-11.140
-11.230
-12.270
-12.830
-12.930
-16.130
-17.540
-20.180
-19.700
-15.940
-14.060
-11.420
-8.880
-8.320
-7.660
-5.300
-5.780
-5.870
-5.120
-5.300
-5.120
-4.740
-5.490
-5.490
-5.870
-5.210
-5.960
-6.060
-7.380
-7.000
-7.470
-8.690
-9.920
-13.120
-14.340
-17.350
-23.280
-26.580
-21.960
-17.920
-14.720
-11.990
-11.140
-9.260
-9.630
-9.820
-9.630
-9.820
-10.290
-10.480
-9.920
-10.290
-10.010
-9.630
-9.450
-9.350
-8.410
-7.560
-7.000
-6.620
-6.530
-5.400
-5.870
-5.300
-4.740
-4.360
-4.550
-5.300
-5.120
-5.300
-6.250
-6.720
-7.000
-7.470
-8.410
-9.070
-10.290
-12.270
-16.130
-15.750
-16.220
-13.210
-11.890
-10.390
-8.980
-7.090
-6.430
-6.340
-5.870
-4.650
-5.400
-5.210
-6.060
-8.600
-9.630
-13.780
-18.760
-18.580
-14.150
-10.100
-8.980
-7.190
-7.470
-7.280
-7.280
-8.130
-8.130
-8.600
-8.500
-9.350
-8.980
-8.410
-8.690
-7.660
-7.380
-6.810
-7.380
-6.720
-5.590
-6.340
-6.900
-5.870
-7.750
-8.320
-9.260
-10.100
-11.800
-10.670
-8.880
-8.410
-8.030
-6.150
-5.680
-5.120
-5.300
-5.590
-4.930
-5.870
-4.930
-6.150
-7.660
-7.090
-7.750
-8.030
-8.980
-8.220
-8.220
-8.030
-7.560
-7.660
-7.190
-7.560
-8.130
-9.450
-11.990
-15.000
-20.180
-18.010
-13.020
-9.160
-6.900
-5.680
-4.360
-5.300
-4.460
-5.400
-5.490
-7.090
-7.940
-7.280
-8.220
-8.880
-7.850
-7.660
-7.560
-6.060
-5.780
-5.780
-6.060
-6.530
-5.490
-5.960
-6.150
-5.870
-6.900
-7.280
-7.380
-8.320
-9.070
-9.070
-9.450
-8.600
-8.600
-6.810
-7.190
-7.090
-6.060
-5.300
-5.680
-4.830
-5.020
-3.890
-5.020
-5.490
-5.300
-5.780
-5.870
-6.720
-6.810
-7.940
-9.630
-9.540
-11.420
-12.550
-15.560
-19.230
-20.930
-16.600
-12.930
-10.860
-8.410
-6.900
-6.620
-5.780
-5.210
-4.650
-4.460
-3.520
-2.950
-2.290
-2.390
-1.920
-3.520
-3.420
-4.550
-5.490
-5.120
-5.960
-8.030
-9.540
-11.050
-12.270
-12.650
-11.800
-11.050
-9.920
-8.030
-6.340
-4.930
-4.360
-4.360
-4.930
-4.460
-3.890
-4.270
-5.120
-4.270
-5.020
-5.400
-4.270
-4.360
-4.550
-4.930
-4.550
-4.550
-4.650
-3.890
-4.460
-4.740
-4.270
-4.550
-5.870
-9.070
-11.050
-15.380
-21.210
-22.720
-18.580
-14.620
-13.020
-11.420
-10.670
-10.100
-10.580
-11.700
-12.360
-11.610
-9.730
-7.660
-5.960
-5.300
-3.800
-2.860
-1.820
-1.070
-1.260
-1.540
-0.690
-1.260
-1.450
-1.820
-3.610
-3.420
-4.270
-5.590
-4.550
-5.780
-6.060
-6.060
-6.620
-6.060
-5.780
-7.470
-7.470
-8.880
-11.050
-11.330
-11.890
-11.420
-11.700
-10.390
-9.630
-7.660
-7.280
-7.190
-7.090
-6.620
-6.150
-5.780
-5.870
-5.680
-5.210
-6.900
-8.220
-12.460
-15.660
-12.740
-8.320
-4.930
-3.050
-2.200
-1.260
-1.160
-2.010
-1.820
-3.330
-3.800
-4.460
-5.300
-5.680
-6.530
-9.260
-10.950
-14.530
-19.140
-33.350
-21.020
-14.430
-12.180
-9.450
-7.280
-5.120
-4.740
-3.420
-1.920
-2.100
-1.070
-1.450
-0.600
-0.790
0.150
-1.070
-2.390
-1.070
-1.540
-2.480
-3.230
-3.990
-5.020
-4.460
-5.590
-6.150
-6.060
-7.280
-6.620
-7.470
-7.380
-7.850
-8.220
-8.500
-9.730
-11.330
-14.150
-17.730
-22.430
-25.730
