StatType:5
NumBins:1912
StartFreq:491898100
PerBin:dBmV/100kHz
-22.810
-25.450
-20.930
-15.470
-11.330
-9.160
-5.960
-5.870
-4.080
-4.460
-4.180
-3.890
-3.890
-3.890
-3.610
-3.140
-2.010
-2.480
-2.100
-1.260
-1.450
-1.730
-2.100
-2.860
-3.420
-4.650
-5.400
-5.960
-8.790
-10.760
-10.860
-9.160
-7.560
-6.530
-5.400
-5.490
-5.400
-5.400
-4.650
-5.300
-5.960
-6.340
-6.530
-5.960
-5.870
-7.280
-4.930
-3.610
-4.360
-3.700
-3.330
-4.650
-5.120
-4.930
-5.960
-7.190
-8.600
-10.100
-12.650
-14.530
-18.860
-19.230
-13.960
-10.480
-7.750
-5.870
-4.930
-6.250
-6.250
-6.340
-5.300
-7.090
-6.150
-5.210
-6.060
-5.780
-5.680
-5.960
-4.830
-4.460
-4.550
-4.550
-3.890
-3.890
-2.950
-4.080
-4.180
-3.890
-4.460
-5.590
-6.150
-5.120
-7.000
-7.940
-9.630
-11.990
-13.400
-13.210
-13.590
-11.610
-8.790
-7.280
-6.060
-3.990
-3.800
-2.860
-2.100
-2.200
-2.010
-1.730
-1.070
-0.790
-1.920
-0.690
-0.220
-2.010
-2.290
-5.490
-8.130
-12.080
-17.350
-17.630
-13.780
-11.800
-10.670
-11.050
-10.480
-12.080
-11.610
-10.580
-10.010
-9.920
-8.320
-8.030
-7.470
-5.590
-5.400
-4.740
-4.830
-4.360
-4.080
-3.610
-3.050
-3.420
-2.950
-2.580
-1.540
-1.730
-0.690
-0.880
-1.260
-1.630
-0.320
-0.510
-0.600
-1.450
-1.920
-2.200
-3.610
-5.300
-6.530
-9.070
-10.480
-12.550
-11.800
-10.760
-9.350
-9.070
-7.380
-7.560
-7.190
-6.810
-6.060
-5.400
-5.400
-5.020
-4.740
-5.490
-7.000
-10.100
-12.740
-8.790
-4.460
-2.480
-1.450
-0.030
-1.160
-1.540
-1.160
-2.950
-5.120
-4.830
-5.780
-7.090
-7.750
-6.340
-5.590
-6.340
-4.830
-5.020
-6.430
-7.660
-8.410
-9.070
-9.730
-9.350
-8.220
-6.900
-5.400
-5.120
-3.890
-3.230
-3.230
-2.480
-2.670
-2.290
-1.820
-0.220
-1.260
-1.160
-0.880
-0.320
-0.030
0.250
-0.510
-0.130
-0.410
-1.540
-0.690
-1.730
-3.420
-4.080
-6.060
-8.320
-11.990
-19.610
-25.160
-19.330
-18.200
-19.700
-19.520
-13.490
-9.070
-5.210
-3.140
-1.160
0.060
0.150
0.810
1.940
1.850
1.570
0.720
1.380
1.000
1.570
1.280
-1.070
-0.320
-1.730
-2.580
-1.730
-3.330
-3.990
-4.650
-5.210
-5.400
-5.400
-6.060
-6.620
-6.430
-6.720
-7.380
-6.900
-8.980
-7.280
-6.720
-6.810
-5.590
-4.460
-3.610
-3.230
-2.950
-0.880
-0.600
0.150
0.440
0.150
1.570
0.440
0.340
0.620
0.720
1.190
-0.030
-1.730
-3.330
-5.960
-9.540
-14.430
-14.060
-9.540
-6.620
-5.590
-5.490
-7.660
-9.070
-10.670
-11.420
-10.010
-7.660
-4.270
-4.360
-2.580
-1.260
-0.510
-0.130
-0.600
0.620
-0.880
-0.220
-0.600
-1.260
-1.260
-1.540
-0.510
-1.070
0.250
-0.510
-1.160
-0.980
-1.070
-1.540
-0.600
-1.540
-2.100
-2.670
-2.480
-2.290
-3.140
-2.760
-3.520
-2.390
-2.760
-1.730
-2.290
-3.050
-3.230
-3.520
-4.460
-3.890
-4.460
-4.080
-2.860
-2.860
-2.580
-3.890
-5.400
-10.670
-14.150
-9.820
-5.210
-3.330
-1.260
-2.290
-1.070
-1.260
-1.820
-2.100
-4.550
-4.930
-4.830
-5.210
-4.830
-4.650
-3.520
-3.800
-2.670
-1.540
-0.600
-0.600
0.620
1.280
1.280
1.660
1.750
1.570
1.850
1.470
1.750
2.040
1.280
0.340
-0.030
-2.100
-2.290
-2.580
-3.420
-3.420
-4.550
-4.460
-4.740
-5.300
-5.300
-4.930
-5.400
-5.300
-3.610
-3.610
-3.230
-1.260
-1.820
-0.980
-0.030
0.340
-0.790
-2.390
-4.830
-9.350
-11.140
-6.150
-2.390
0.150
0.620
0.910
1.750
2.790
1.940
2.690
2.040
1.750
1.750
1.850
0.340
0.720
-0.690
-1.260
-3.420
-4.650
-6.430
-9.820
-10.760
-10.100
-8.320
-5.590
-3.990
-2.010
-0.600
1.090
0.440
2.130
1.940
1.660
3.170
3.540
3.350
4.010
3.730
4.580
3.730
3.820
4.200
4.200
4.580
4.200
3.170
2.410
1.380
1.850
0.720
-0.790
-0.220
-1.820
-3.330
-3.420
-5.680
-8.980
-13.210
-18.860
-18.290
-13.960
-10.580
-8.130
-6.150
-3.890
-1.920
-0.980
0.250
1.380
3.170
3.260
3.350
3.820
4.200
4.110
4.770
4.480
4.770
4.580
3.730
3.450
3.540
3.920
3.730
2.600
1.000
0.530
0.620
-0.790
-0.880
-2.580
-3.050
-4.270
-5.120
-6.340
-5.870
-5.780
-4.080
-1.920
-1.730
0.250
0.250
1.090
1.470
2.220
2.130
2.040
2.320
2.220
2.320
1.660
1.850
2.320
1.380
0.340
-1.630
-4.080
-7.470
-11.800
-9.070
-4.740
-1.920
-1.350
-0.030
0.440
-0.030
0.150
-0.030
0.060
-0.130
-0.880
-0.510
-0.030
-0.600
-0.410
-1.070
-0.980
-0.510
-0.030
0.440
0.250
1.380
1.750
1.940
2.410
2.690
2.790
2.220
2.510
2.690
2.040
1.000
1.470
2.040
1.570
1.000
0.810
0.250
0.250
0.060
-0.410
-0.600
0.150
-0.790
-0.510
-0.410
0.720
1.090
1.570
1.940
2.040
3.260
3.260
2.880
1.470
-0.510
-3.610
-7.560
-10.480
-6.900
-3.700
-1.160
0.060
0.620
-0.030
0.060
1.000
0.530
0.530
0.440
0.910
0.150
0.440
0.250
0.340
0.250
-0.690
-0.410
-0.690
-0.690
-0.030
0.810
1.380
0.910
1.090
1.750
3.170
3.070
2.320
3.450
3.820
3.640
3.640
3.640
3.640
3.640
3.350
3.450
2.790
2.790
2.130
2.600
1.190
1.190
0.060
-0.130
-0.790
-1.450
-2.100
-2.670
-3.610
-2.200
-2.200
-2.480
-1.630
-2.950
-5.490
-10.580
-9.630
-4.650
-0.320
2.320
3.260
3.540
3.450
4.200
4.580
3.540
3.820
4.770
4.290
3.820
4.200
2.880
2.600
1.380
1.750
1.660
0.250
-0.410
-1.260
-0.600
-1.450
0.060
-0.880
0.060
-0.030
-0.030
0.250
0.810
1.190
1.380
1.090
1.570
1.940
2.410
3.350
3.640
4.110
3.350
4.580
3.730
3.540
4.200
3.540
3.640
3.170
4.010
2.980
3.540
2.510
2.130
2.130
0.620
-1.070
-5.210
-8.880
-14.340
-11.800
-7.280
-4.830
-1.160
0.720
1.380
1.850
2.320
3.260
2.690
3.920
3.350
3.070
3.260
3.640
3.350
3.170
2.980
2.600
3.170
3.070
2.980
4.010
3.540
3.260
2.980
2.510
2.220
1.660
0.340
1.280
0.530
-0.220
-0.220
0.060
-0.220
0.060
1.090
0.530
1.940
1.940
2.320
3.260
3.820
4.110
4.110
4.110
4.770
4.390
5.140
5.330
4.950
5.240
4.770
4.860
2.880
0.720
-1.820
-6.060
-9.350
-5.490
-2.760
-0.690
0.060
0.530
-0.790
-1.160
-1.350
-1.070
-1.730
-1.820
-1.160
0.150
-0.320
0.440
2.690
2.600
1.940
2.320
3.350
4.480
4.860
5.890
4.670
5.710
5.800
5.420
5.420
5.610
5.990
5.520
4.770
4.580
4.290
4.200
3.450
2.600
1.660
1.940
1.470
1.280
0.620
1.090
1.000
0.440
-0.410
-0.980
-0.690
-0.130
0.150
0.340
1.570
1.940
2.410
2.510
0.910
-0.690
-3.420
-8.600
-8.880
-3.610
0.620
2.130
4.580
5.140
5.710
5.420
5.050
4.860
4.670
4.290
4.770
4.480
3.920
2.980
1.660
2.510
1.280
2.320
1.380
1.090
2.510
1.090
1.850
2.040
1.090
1.380
1.750
1.850
2.130
2.130
2.980
3.260
2.880
3.640
3.170
3.540
3.640
3.730
4.290
4.390
4.390
3.450
3.350
3.820
3.170
4.110
4.110
3.820
4.200
4.290
4.200
4.580
3.350
2.410
-0.030
-2.100
-5.300
-9.920
-7.660
-3.610
-0.220
1.280
4.290
4.010
3.350
4.110
4.110
3.820
4.010
2.790
2.880
2.510
2.600
1.380
2.040
2.600
2.040
2.040
2.040
2.130
2.410
2.600
2.690
1.470
1.940
2.980
3.820
3.730
3.640
4.770
5.140
5.890
5.520
5.710
6.180
6.080
6.460
5.710
6.840
6.840
6.080
5.140
5.610
6.180
4.770
4.010
3.730
2.790
2.410
1.470
1.570
1.090
0.250
-1.160
-3.800
-5.490
-10.290
-12.650
-8.600
-3.800
-0.600
2.510
2.600
3.820
4.770
4.950
5.420
5.420
5.890
5.710
5.990
6.270
6.840
6.740
6.460
6.370
7.210
6.270
6.550
6.370
5.990
6.370
5.520
4.200
4.580
3.540
2.790
3.260
2.410
2.040
1.190
1.380
0.810
0.720
1.190
1.380
1.850
1.660
1.380
2.040
2.410
3.450
3.540
4.110
4.670
5.420
6.270
6.460
6.550
6.840
6.840
6.460
5.990
4.950
2.880
-0.220
-6.060
-7.000
-2.760
1.000
2.040
3.350
3.730
4.290
4.290
2.790
2.410
2.320
0.910
0.250
1.000
0.810
0.810
2.130
2.410
3.260
4.670
3.070
4.390
5.050
4.480
4.290
4.580
4.200
4.390
5.140
4.390
5.610
5.890
6.270
6.180
6.840
5.800
6.180
5.800
6.370
5.330
5.800
4.770
4.860
5.140
4.390
3.920
3.820
4.010
3.350
4.110
3.820
3.820
4.670
2.880
2.980
2.690
1.280
-2.100
-5.020
-8.600
-7.190
-1.820
0.340
2.410
4.390
4.770
5.240
5.610
4.770
4.950
5.140
5.800
5.330
5.240
4.480
4.770
4.950
4.290
4.110
5.520
5.140
4.670
5.050
5.330
5.990
5.520
6.370
5.140
4.670
5.140
6.270
5.710
5.140
4.950
4.860
5.330
3.730
4.110
3.640
4.580
4.670
3.640
4.010
3.540
4.290
4.290
3.820
3.450
5.050
4.010
4.480
4.110
3.820
4.580
4.200
3.730
1.940
0.150
-5.300
-8.320
-4.830
-0.130
2.220
3.640
4.200
4.950
5.050
5.240
5.610
5.610
5.140
6.180
5.140
5.420
6.370
5.330
4.770
4.580
4.010
3.540
4.110
3.820
2.690
1.750
2.220
1.470
2.600
3.170
3.730
4.770
5.330
5.240
5.800
5.520
5.710
5.140
6.080
5.140
6.370
6.740
6.460
6.550
7.020
6.460
6.930
5.800
5.710
6.270
6.180
4.860
5.420
3.920
4.290
4.010
2.320
2.130
-0.880
-3.610
-8.410
-9.630
-5.120
-1.730
0.810
2.410
3.640
4.010
4.390
3.450
3.540
4.200
4.770
5.520
5.420
5.520
5.420
7.310
6.550
6.460
6.180
6.930
7.210
6.550
6.080
5.800
5.890
5.610
5.050
4.950
4.860
4.670
4.580
4.200
4.770
3.640
4.580
4.670
3.820
3.920
4.580
4.200
4.390
4.200
4.200
5.050
4.860
6.080
5.710
5.420
5.050
5.140
5.610
5.420
4.950
4.010
3.350
1.090
-0.030
-3.420
-8.410
-7.000
-1.920
0.440
3.070
3.820
4.670
4.770
5.050
5.610
4.770
5.330
4.580
4.670
4.290
4.770
4.290
4.110
4.200
4.290
4.110
4.390
5.140
3.820
5.990
4.950
5.710
6.840
6.740
6.270
6.080
5.990
6.370
6.460
5.610
5.800
4.580
4.770
4.290
4.480
3.730
3.170
2.880
3.170
3.730
3.820
3.540
2.880
3.640
4.860
5.240
5.610
5.710
5.890
5.710
6.460
4.950
3.450
0.720
-3.420
-7.280
-3.700
0.530
2.790
5.330
6.080
5.800
5.240
5.050
5.520
4.480
4.290
4.200
4.390
4.770
4.290
5.330
4.770
3.640
3.920
3.640
3.450
3.730
3.450
3.350
2.980
3.170
4.110
4.950
5.140
5.050
4.950
4.770
5.610
5.330
6.740
6.650
6.270
6.460
5.610
6.080
6.740
6.180
6.460
5.800
6.080
5.140
4.770
5.800
5.710
4.860
4.670
3.640
4.110
3.540
2.790
1.380
0.810
-2.010
-6.810
-8.030
-2.670
-0.030
2.510
3.450
4.580
4.580
4.770
3.730
3.820
3.820
3.820
4.110
3.730
4.290
4.580
4.200
4.670
4.860
5.420
5.610
5.800
5.890
6.270
6.370
6.460
6.740
6.080
7.590
6.550
6.550
6.370
6.270
4.950
5.520
4.200
4.770
3.820
3.640
3.260
4.010
4.390
4.390
4.290
3.170
3.260
4.480
4.480
3.920
4.390
4.480
4.200
4.390
4.390
4.290
3.540
2.130
0.060
-3.990
-7.380
-7.190
-2.580
1.380
3.540
4.580
5.330
7.210
6.550
7.310
7.490
7.120
6.840
6.650
6.840
6.740
6.550
6.460
5.610
6.270
5.610
5.240
4.290
3.450
4.010
3.730
1.940
2.600
3.070
2.790
3.260
3.350
3.260
3.170
3.730
4.200
3.730
4.110
4.290
4.670
4.770
4.950
5.610
6.370
5.420
7.120
5.890
6.740
6.930
6.650
7.780
7.870
7.680
6.930
6.840
5.990
5.990
3.730
-0.320
-3.420
-7.660
-4.930
-0.980
0.250
1.940
2.130
2.690
1.940
-0.510
1.090
2.410
2.690
3.170
3.640
4.860
5.050
5.140
5.140
5.330
6.840
6.840
7.870
7.780
7.870
7.680
7.120
7.680
7.490
7.310
6.840
6.270
6.840
4.860
5.520
5.140
5.050
5.240
5.330
5.990
6.080
4.110
5.330
5.140
4.580
4.950
4.670
4.200
3.350
3.640
2.980
2.690
2.220
2.320
3.070
4.200
3.170
1.660
0.720
-1.540
-5.870
-7.560
-2.480
1.570
3.640
5.140
5.990
5.800
7.400
7.490
7.310
6.740
7.120
7.310
6.930
7.020
5.890
6.180
5.610
5.240
4.580
4.480
4.860
5.330
4.290
4.480
4.290
4.670
4.390
4.770
4.290
3.920
3.820
4.200
3.920
3.920
3.350
5.240
5.140
4.390
5.050
5.140
5.800
5.890
5.240
6.370
5.610
5.890
5.990
5.610
6.460
6.370
7.210
7.120
6.460
6.930
7.020
4.580
2.690
-1.630
-6.060
-5.780
-1.070
0.910
2.790
3.820
4.770
4.010
4.110
4.390
5.420
6.080
5.420
5.330
5.800
5.800
4.950
5.420
5.420
4.950
3.730
4.010
4.200
4.860
4.770
4.770
5.240
5.800
5.800
6.370
6.080
6.740
8.440
7.870
7.590
8.150
7.120
7.780
8.060
7.490
7.490
7.210
6.840
7.020
6.740
4.860
5.520
4.200
4.580
2.600
3.350
3.070
2.790
2.790
4.290
3.920
3.170
2.220
0.250
-3.800
-7.560
-4.550
0.810
2.690
4.950
5.140
6.270
6.740
6.370
5.890
6.930
6.270
6.270
6.550
5.800
6.840
7.310
7.400
6.930
7.210
7.020
7.120
7.310
7.210
6.740
5.890
6.270
4.860
4.580
4.580
4.770
4.110
2.980
3.070
3.540
4.390
4.010
4.200
4.390
3.820
4.200
5.140
4.950
6.840
6.080
7.020
6.740
6.740
7.400
7.020
7.120
7.310
7.400
7.020
7.310
7.020
4.390
2.320
-0.510
-4.930
-7.380
-3.330
0.150
2.690
5.520
6.930
6.740
6.650
7.020
6.180
6.930
6.550
5.990
5.890
4.580
3.920
4.950
3.350
4.860
4.200
4.290
4.010
5.140
6.270
5.890
5.520
5.710
5.800
6.180
5.890
6.460
6.840
7.120
6.740
6.270
6.650
6.550
6.270
6.270
6.740
6.080
5.890
5.050
5.610
5.800
5.890
6.370
6.650
7.120
7.400
7.680
8.440
7.310
6.930
7.310
6.460
3.730
2.600
-1.350
-6.250
-6.620
-2.580
0.620
2.790
3.640
4.290
4.670
4.670
3.820
4.770
5.050
5.240
4.770
4.480
5.800
5.800
6.180
5.990
6.270
6.740
6.550
6.550
6.550
7.400
5.800
6.370
6.550
5.520
5.800
5.610
6.080
6.080
6.550
5.710
5.710
6.180
6.270
6.270
6.460
5.140
5.330
5.890
5.330
6.270
5.050
4.670
4.010
3.450
3.070
3.350
3.350
4.480
4.580
5.330
4.580
4.480
4.580
2.410
-0.690
-5.400
-2.760
1.190
3.640
5.990
7.310
8.150
7.680
7.310
7.400
6.740
6.930
5.710
6.460
5.330
4.860
5.330
4.860
4.390
5.140
5.140
4.290
6.080
5.610
4.580
6.080
5.330
5.240
6.930
5.520
4.950
5.240
5.420
5.420
5.800
5.330
4.950
5.240
5.140
4.860
6.270
5.420
4.950
6.650
7.120
6.270
7.210
7.020
7.870
7.870
7.590
8.060
5.990
7.490
5.990
5.240
2.690
1.190
-1.730
-7.190
-10.860
