StatType:6
NumBins:1912
StartFreq:299898100
PerBin:dBmV/100kHz
-82.410
-55.020
-54.080
-53.140
-54.740
-54.740
-54.080
-53.980
-53.890
-53.890
-54.550
-54.740
-54.740
-54.640
-54.170
-55.490
-54.360
-54.270
-53.700
-53.700
-54.270
-55.110
-53.890
-54.640
-53.320
-52.570
-54.640
-54.080
-52.850
-53.320
-52.570
-53.040
-53.040
-53.610
-53.420
-53.040
-53.420
-53.890
-53.700
-53.610
-52.760
-54.740
-54.640
-53.610
-55.300
-54.450
-54.640
-55.300
-55.580
-54.920
-53.610
-53.140
-53.790
-53.790
-55.210
-54.920
-54.830
-55.580
-56.520
-54.450
-52.670
-52.950
-53.610
-54.550
-53.230
-53.610
-52.380
-53.140
-53.140
-53.420
-52.850
-52.190
-52.670
-53.980
-54.170
-54.360
-53.610
-53.980
-53.510
-54.640
-55.580
-54.740
-55.490
-55.020
-54.080
-53.230
-53.510
-53.610
-54.830
-53.980
-55.110
-54.270
-53.420
-55.020
-53.790
-54.640
-53.510
-52.760
-53.420
-54.830
-54.360
-52.760
-53.510
-53.510
-54.270
-54.550
-55.110
-53.790
-53.790
-54.360
-53.510
-53.140
-53.140
-54.360
-53.510
-54.550
-53.980
-53.790
-55.580
-53.510
-54.830
-55.390
-54.270
-53.980
-55.110
-54.270
-53.320
-52.760
-53.140
-54.080
-53.790
-53.140
-51.820
-52.010
-53.980
-54.450
-54.450
-54.170
-53.510
-53.890
-55.300
-55.020
-54.830
-53.610
-53.420
-54.640
-54.170
-53.420
-54.270
-55.110
-55.390
-54.550
-54.740
-55.770
-55.110
-54.830
-54.830
-54.450
-54.170
-53.510
-53.610
-54.360
-53.790
-53.510
-53.980
-54.170
-53.420
-54.550
-54.170
-53.320
-53.510
-53.140
-53.510
-53.700
-53.610
-52.380
-53.320
-52.290
-53.420
-54.450
-53.980
-54.740
-53.510
-54.080
-53.790
-54.450
-53.610
-52.570
-53.790
-53.890
-55.770
-54.830
-53.790
-53.510
-53.610
-53.890
-54.360
-54.270
-52.760
-53.610
-53.790
-55.210
-55.020
-53.420
-53.320
-55.110
-53.510
-52.760
-55.020
-53.040
-52.010
-53.230
-54.640
-54.360
-53.700
-53.790
-53.510
-52.760
-53.700
-53.320
-53.420
-54.830
-54.830
-53.700
-53.610
-54.360
-54.740
-52.850
-52.950
-53.420
-52.480
-53.420
-54.450
-52.950
-53.140
-53.510
-52.480
-52.850
-53.700
-54.270
-53.610
-53.420
-52.950
-54.550
-54.080
-53.320
-53.420
-53.320
-54.080
-54.550
-53.700
-52.950
-53.140
-53.420
-53.320
-53.040
-54.450
-56.240
-54.740
-54.550
-55.870
-55.210
-55.210
-55.770
-53.790
-53.040
-51.910
-52.480
-53.230
-53.040
-53.320
-53.510
-53.420
-52.380
-54.080
-55.210
-54.270
-53.140
-53.790
-54.170
-55.020
-53.320
-53.420
-54.920
-53.890
-54.450
-54.920
-53.700
-53.140
-53.700
-53.420
-53.510
-53.790
-55.210
-53.510
-52.480
-52.670
-52.570
-53.040
-52.950
-53.510
-53.700
-54.640
-53.140
-52.950
-53.700
-53.510
-53.890
-54.550
-54.170
-53.790
-51.630
-52.850
-54.640
-53.320
-52.850
-53.420
-52.760
-52.480
-53.890
-53.610
-53.790
-54.360
-53.890
-54.170
-53.980
-53.510
-53.610
-54.640
-53.790
-52.010
-52.100
-52.950
-53.510
-52.950
-52.950
-53.420
-53.230
-52.850
-53.700
-53.420
-54.080
-54.080
-54.550
-55.870
-54.830
-54.270
-55.580
-54.640
-54.170
-53.510
-53.510
-53.320
-52.570
-52.670
-52.950
-52.760
-53.510
-53.230
-52.480
-52.670
-53.420
-53.230
-52.850
-53.040
-52.850
-53.700
-52.950
-51.910
-52.570
-53.700
-54.270
-54.270
-53.230
-52.190
-52.480
-52.100
-52.290
-52.760
-53.510
-54.170
-52.290
-52.190
-52.480
-53.320
-54.740
-53.610
-53.320
-52.670
-52.850
-53.890
-53.790
-52.670
-54.170
-55.390
-55.210
-53.700
-53.320
-54.920
-54.550
-53.230
-53.420
-53.040
-53.890
-55.390
-53.320
-53.140
-53.790
-54.640
-54.360
-52.950
-54.270
-53.890
-53.980
-52.670
-52.380
-53.610
-54.550
-54.270
-54.170
-54.080
-53.230
-53.230
-56.810
-54.550
-53.790
-53.790
-52.950
-53.040
-53.700
-53.790
-53.230
-54.080
-54.080
-52.760
-52.380
-52.190
-52.950
-53.980
-53.890
-53.890
-52.290
-52.850
-53.040
-53.230
-54.080
-54.640
-54.450
-53.510
-52.950
-53.790
-53.790
-55.020
-53.230
-52.670
-52.570
-54.080
-54.920
-53.980
-54.450
-54.270
-55.020
-54.740
-54.360
-54.550
-54.270
-54.170
-53.790
-55.210
-55.110
-53.890
-53.890
-52.950
-54.080
-54.270
-54.450
-54.360
-53.790
-53.890
-53.230
-54.080
-54.080
-53.320
-53.230
-53.510
-54.740
-54.550
-53.420
-54.270
-55.870
-54.830
-53.320
-54.270
-55.960
-54.640
-54.640
-54.170
-54.360
-54.170
-55.020
-54.360
-54.360
-53.700
-52.850
-52.670
-53.420
-53.790
-53.790
-54.740
-54.640
-53.420
-53.320
-54.080
-53.140
-53.510
-54.830
-55.110
-54.360
-54.640
-54.920
-53.610
-54.080
-54.360
-54.270
-54.170
-53.610
-53.040
-53.510
-54.640
-55.020
-54.170
-53.790
-53.040
-53.610
-54.830
-53.980
-53.040
-53.610
-53.890
-54.080
-53.700
-53.420
-53.140
-53.230
-53.140
-53.510
-53.610
-54.080
-54.360
-55.490
-55.020
-54.360
-54.360
-54.830
-53.790
-52.950
-53.890
-54.830
-53.790
-54.170
-53.980
-52.950
-53.510
-53.230
-53.610
-52.480
-53.320
-54.270
-54.170
-53.980
-54.640
-53.700
-52.670
-52.100
-52.760
-52.190
-52.380
-52.950
-52.670
-52.570
-54.360
-53.890
-52.480
-52.380
-53.320
-53.230
-52.670
-52.570
-53.980
-53.510
-54.270
-54.920
-53.610
-53.790
-53.320
-53.420
-53.510
-54.450
-53.420
-54.360
-54.080
-54.170
-53.610
-53.320
-54.920
-56.520
-53.700
-52.480
-52.760
-51.540
-52.010
-52.190
-53.420
-54.640
-54.450
-54.550
-54.920
-53.510
-54.080
-54.080
-53.320
-54.270
-54.450
-54.740
-52.670
-52.010
-53.040
-54.080
-54.360
-54.550
-53.320
-52.190
-52.480
-53.980
-55.110
-55.300
-54.270
-53.610
-54.550
-53.420
-54.450
-55.020
-54.080
-53.320
-53.230
-51.910
-52.290
-54.360
-53.320
-53.700
-53.420
-53.890
-54.830
-54.170
-54.550
-55.210
-54.830
-52.950
-54.080
-54.550
-54.360
-55.300
-54.360
-53.040
-54.080
-54.170
-53.890
-54.550
-54.640
-55.390
-56.900
-55.300
-53.420
-53.040
-53.040
-52.850
-53.320
-53.700
-53.980
-54.830
-53.610
-54.640
-53.790
-53.320
-54.640
-53.510
-53.890
-55.110
-54.830
-53.980
-53.790
-53.790
-52.950
-53.890
-52.850
-53.230
-53.140
-54.550
-53.790
-53.230
-53.140
-54.170
-54.550
-52.570
-53.040
-53.890
-53.610
-54.080
-53.700
-53.890
-54.640
-54.080
-52.850
-52.670
-52.380
-53.790
-53.790
-53.420
-54.360
-54.080
-53.420
-55.020
-53.790
-53.420
-54.550
-53.700
-53.510
-53.790
-52.670
-51.910
-52.190
-53.610
-54.170
-53.610
-54.270
-54.830
-55.300
-56.990
-54.920
-54.550
-53.510
-53.040
-53.230
-53.510
-52.950
-53.700
-55.110
-54.450
-54.450
-52.950
-53.040
-53.420
-53.610
-53.610
-52.670
-54.080
-55.680
-55.020
-54.450
-54.170
-52.480
-52.480
-54.450
-55.960
-55.210
-54.550
-55.300
-54.550
-53.040
-52.760
-53.230
-53.790
-54.360
-53.700
-53.420
-54.450
-53.610
-52.950
-55.870
-54.830
-54.360
-54.450
-53.140
-53.610
-53.980
-52.670
-53.140
-54.640
-54.640
-53.610
-53.230
-53.230
-53.510
-54.170
-53.790
-53.790
-54.450
-54.450
-53.890
-54.550
-54.550
-55.680
-56.150
-54.830
-53.610
-53.420
-53.890
-54.270
-54.360
-54.450
-53.980
-53.610
-54.830
-53.510
-53.890
-54.740
-53.510
-52.480
-52.570
-53.510
-54.550
-53.610
-53.790
-53.320
-54.550
-53.610
-53.140
-54.080
-53.700
-53.510
-52.380
-52.950
-53.320
-53.320
-52.950
-53.610
-54.640
-55.960
-55.390
-55.110
-53.980
-54.360
-55.390
-55.390
-53.140
-53.040
-53.420
-53.510
-53.980
-54.640
-53.790
-55.300
-55.490
-54.550
-53.140
-53.420
-53.040
-53.790
-54.170
-54.360
-55.680
-56.520
-54.270
-52.190
-54.270
-55.020
-54.740
-54.550
-54.170
-53.320
-52.190
-52.950
-54.550
-54.450
-55.020
-55.390
-54.830
-54.640
-53.420
-53.510
-55.490
-55.300
-54.830
-54.550
-54.830
-53.980
-53.610
-53.230
-53.610
-53.320
-53.790
-53.890
-53.610
-53.610
-55.020
-54.920
-53.510
-52.950
-52.950
-52.950
-53.320
-53.420
-53.420
-54.080
-53.700
-53.610
-53.980
-53.980
-53.700
-52.480
-52.950
-54.170
-56.340
-54.640
-55.300
-54.550
-52.760
-52.850
-54.640
-54.920
-55.020
-54.450
-53.610
-52.850
-53.700
-54.080
-54.360
-54.170
-54.740
-55.770
-55.490
-55.300
-55.110
-54.920
-54.170
-54.080
-55.020
-53.610
-53.980
-55.020
-55.300
-54.740
-53.790
-55.580
-53.610
-53.980
-54.360
-53.140
-53.510
-54.830
-53.790
-53.610
-52.950
-52.850
-54.170
-53.420
-53.510
-53.420
-54.360
-53.040
-52.950
-53.890
-53.510
-53.980
-55.210
-54.450
-52.850
-53.700
-54.740
-54.550
-53.890
-52.850
-52.850
-53.040
-52.850
-53.510
-54.830
-54.740
-54.450
-55.300
-54.920
-53.040
-54.270
-55.390
-54.830
-54.830
-55.020
-55.300
-54.550
-54.450
-55.960
-55.680
-54.740
-54.640
-54.360
-53.980
-54.360
-54.080
-53.980
-53.890
-54.640
-53.320
-54.550
-54.830
-55.210
-56.050
-55.020
-54.450
-52.950
-53.040
-55.580
-54.270
-54.550
-55.300
-55.390
-54.080
-53.420
-54.830
-55.110
-52.950
-52.950
-54.550
-53.610
-53.040
-56.050
-54.550
-55.770
-55.110
-53.890
-53.700
-54.080
-53.790
-54.740
-53.890
-53.320
-54.740
-55.580
-54.740
-55.300
-55.110
-54.450
-54.360
-54.080
-53.610
-53.420
-52.670
-53.700
-54.450
-53.980
-54.640
-54.450
-53.700
-53.230
-53.320
-54.740
-55.680
-54.740
-53.510
-54.550
-54.270
-53.980
-55.210
-55.960
-54.080
-53.140
-53.510
-54.360
-53.790
-53.320
-53.790
-53.890
-55.580
-54.170
-53.890
-54.640
-54.550
-54.170
-53.320
-53.140
-53.510
-54.080
-53.890
-54.270
-54.920
-55.210
-54.920
-53.420
-54.450
-55.210
-53.890
-53.700
-54.080
-55.580
-53.790
-53.890
-53.890
-53.890
-53.700
-54.550
-54.830
-53.980
-53.040
-52.570
-53.610
-54.640
-54.170
-54.270
-54.360
-56.050
-55.110
-52.850
-53.510
-53.420
-52.480
-53.980
-53.980
-53.420
-53.510
-54.170
-54.170
-53.980
-53.890
-53.700
-52.480
-52.570
-53.320
-53.420
-53.980
-54.270
-53.700
-53.230
-54.740
-53.230
-52.950
-53.790
-53.700
-54.450
-54.450
-54.270
-53.510
-53.510
-53.890
-53.610
-53.790
-54.170
-54.550
-55.960
-55.300
-54.360
-53.790
-53.700
-53.040
-54.450
-54.550
-53.040
-53.040
-54.830
-54.550
-54.360
-55.300
-54.920
-54.270
-53.610
-54.450
-53.420
-52.950
-53.420
-54.450
-53.510
-53.700
-52.670
-53.230
-54.550
-55.210
-53.320
-53.230
-53.610
-53.980
-54.450
-54.360
-53.610
-54.450
-54.640
-54.170
-54.270
-54.640
-53.890
-53.610
-53.980
-53.610
-54.170
-54.640
-54.830
-54.360
-54.740
-55.580
-53.980
-53.610
-53.140
-53.420
-54.170
-56.050
-54.450
-54.550
-53.980
-53.510
-55.110
-55.490
-54.640
-53.790
-53.230
-54.170
-55.110
-54.080
-54.170
-55.490
-54.640
-54.270
-54.450
-52.850
-53.320
-54.550
-55.680
-55.020
-54.640
-53.230
-53.890
-53.890
-53.510
-54.170
-54.640
-55.490
-54.270
-54.450
-55.110
-55.020
-54.740
-53.510
-54.830
-54.270
-53.790
-53.610
-54.170
-54.550
-54.550
-53.420
-53.700
-55.210
-54.640
-52.670
-53.320
-54.740
-53.790
-53.610
-54.080
-54.170
-54.450
-54.170
-54.920
-53.140
-53.790
-54.450
-54.270
-53.610
-53.420
-53.420
-53.790
-54.740
-55.020
-53.980
-53.610
-53.890
-53.610
-53.140
-54.360
-54.080
-55.210
-55.110
-53.610
-53.700
-54.080
-53.980
-55.020
-54.640
-53.420
-53.510
-53.510
-54.550
-53.420
-53.980
-53.700
-53.790
-53.890
-54.550
-54.270
-53.230
-55.300
-53.790
-52.950
-54.450
-55.210
-54.740
-54.830
-54.830
-54.450
-54.550
-53.230
-53.610
-53.890
-54.550
-53.700
-53.790
-55.210
-54.550
-53.790
-55.110
-55.390
-54.360
-53.980
-55.770
-53.790
-53.510
-56.520
-54.830
-53.320
-53.790
-54.450
-55.390
-54.450
-54.450
-54.550
-53.510
-55.490
-55.210
-54.550
-54.450
-53.980
-53.610
-54.830
-53.790
-53.510
-53.790
-54.080
-54.450
-56.430
-55.680
-54.170
-53.230
-53.610
-53.420
-53.700
-53.980
-53.040
-53.230
-54.080
-54.450
-54.830
-55.490
-54.270
-53.890
-54.550
-55.770
-55.300
-53.980
-53.890
-54.830
-55.110
-55.020
-54.170
-52.850
-53.610
-54.080
-54.360
-54.080
-52.480
-53.140
-54.170
-54.920
-55.390
-53.700
-52.670
-53.320
-52.480
-52.570
-53.980
-55.390
-53.790
-52.670
-53.230
-53.140
-52.570
-52.670
-54.360
-55.960
-55.580
-53.980
-52.570
-53.040
-54.360
-55.110
-55.490
-56.050
-56.240
-54.550
-55.770
-55.390
-54.270
-53.510
-53.980
-53.700
-53.320
-53.510
-54.270
-54.640
-55.390
-54.830
-53.790
-55.300
-55.390
-53.510
-53.040
-54.080
-52.290
-53.420
-53.320
-54.550
-54.550
-54.550
-55.490
-54.830
-54.360
-55.110
-53.700
-52.670
-54.830
-55.210
-53.610
-54.170
-54.270
-53.610
-54.450
-55.490
-54.270
-53.320
-55.020
-54.550
-53.790
-54.170
-55.390
-54.080
-54.640
-54.550
-54.270
-55.020
-54.170
-53.610
-53.980
-53.700
-53.320
-55.680
-55.110
-53.980
-53.980
-54.740
-53.790
-54.270
-53.420
-53.790
-52.950
-52.670
-54.740
-55.300
-53.980
-53.610
-53.320
-55.580
-55.580
-55.020
-54.920
-55.210
-53.980
-54.640
-55.210
-53.790
-53.320
-53.890
-53.420
-52.950
-52.670
-53.980
-54.640
-54.080
-53.980
-53.320
-53.510
-54.170
-54.830
-53.890
-54.640
-54.360
-53.230
-54.170
-54.080
-54.170
-54.360
-54.360
-55.110
-55.210
-53.700
-53.320
-53.040
-52.670
-52.850
-54.550
-55.580
-54.450
-54.450
-54.170
-54.270
-53.790
-53.980
-53.420
-53.980
-53.890
-53.890
-55.110
-55.390
-55.770
-55.110
-54.550
-53.790
-55.490
-55.210
-54.640
-53.420
-54.170
-55.210
-53.980
-53.140
-54.550
-53.610
-52.290
-53.230
-52.670
-53.890
-53.790
-53.230
-52.760
-53.140
-53.230
-53.320
-53.790
-53.420
-53.700
-53.890
-54.740
-55.390
-54.450
-53.700
-54.920
-54.640
-54.080
-54.830
-55.020
-54.270
-54.170
-54.170
-54.450
-55.300
-56.150
-54.170
-55.110
-53.890
-53.980
-55.020
-55.680
-55.580
-53.890
-53.610
-53.700
-53.980
-53.980
-55.300
-53.420
-53.510
-54.270
-54.550
-53.610
-54.080
-53.420
-53.040
-52.850
-53.040
-53.510
-54.270
-54.360
-55.300
-55.300
-54.640
-55.680
-53.610
-52.850
-53.040
-53.040
-54.080
-53.890
-53.980
-53.790
-52.850
-53.790
-54.830
-54.550
-54.270
-54.360
-54.170
-53.040
-53.230
-54.450
-56.430
-55.680
-54.360
-53.610
-53.790
-55.770
-54.360
-53.890
-53.890
-54.170
-54.550
-54.830
-54.640
-54.080
-53.610
-52.950
-53.890
-54.920
-54.360
-54.450
-54.170
-53.320
-54.450
-54.450
-54.170
-53.320
-52.670
-54.360
-54.740
-54.640
-55.770
-53.700
-54.170
-54.640
-54.550
-55.870
-54.740
-53.420
-54.080
-53.510
-54.640
-54.170
-54.170
-54.080
-53.510
-53.610
-53.980
-53.980
-54.550
-54.450
-55.110
-54.450
-54.080
-54.920
-55.110
-55.490
-54.450
-54.270
-53.040
-54.450
-53.420
-52.290
-52.100
-53.610
-54.640
-54.080
-53.980
-54.450
-53.890
-55.020
-54.270
-53.700
-54.270
-54.170
-54.640
-54.360
-53.790
-54.080
-54.640
-53.790
-53.980
-54.550
-54.270
-54.360
-53.980
-53.890
-54.450
-53.980
-52.010
-52.570
-53.890
-53.700
-55.210
-53.790
-52.950
-53.420
-54.550
-54.740
-53.890
-53.790
-54.450
-53.980
-53.230
-55.110
-55.680
-54.080
-53.980
-54.830
-54.830
-56.430
-55.110
-54.550
-54.360
-55.300
-53.790
-53.890
-53.610
-52.850
-53.700
-54.360
-55.300
-54.920
-53.790
-52.850
-53.890
-54.550
-54.360
-52.570
-53.890
-55.960
-54.080
-52.950
-51.720
-53.140
-53.420
-52.760
-54.740
-54.640
-55.020
-54.080
-53.420
-54.170
-54.740
-54.550
-53.510
-54.550
-54.550
-53.510
-54.170
-52.480
-53.320
-53.700
-53.890
-53.320
-55.390
-53.700
-54.830
-54.170
-53.230
-52.950
-53.040
-53.610
-53.700
-53.700
-52.850
-52.950
-55.300
-55.770
-54.450
-54.170
-53.420
-53.980
-54.080
-53.700
-53.610
-54.270
-54.080
-54.270
-55.020
-56.430
-55.110
-55.870
-54.450
-52.950
-53.890
-55.300
-54.830
-55.110
-54.360
-54.640
-53.790
-54.450
-54.360
-53.700
-55.210
-54.550
-52.950
-54.080
-53.890
-54.450
-54.920
-55.110
-53.790
-53.980
-55.390
-55.020
-54.920
-54.170
-54.270
-55.210
-54.740
-55.210
-55.490
-54.550
-56.340
-55.870
-54.550
-55.110
-54.080
-54.550
-54.640
-54.550
-54.550
-54.080
-54.360
-54.270
-53.890
-53.790
-54.740
-53.790
-53.610
-54.080
-53.790
-54.360
-53.420
-53.700
-54.920
-54.170
-53.700
-53.510
-52.290
-53.890
-55.680
-54.740
-53.790
-54.550
-55.580
-54.550
-54.450
-54.170
-53.610
-53.510
-54.640
-55.770
-55.390
-54.270
-54.550
-57.180
-54.450
-53.140
-53.040
-52.850
-53.790
-54.170
-54.360
-53.700
-52.950
-54.640
-54.080
-53.040
-53.040
-52.950
-53.140
-53.230
-52.480
-53.420
-54.270
-54.450
-55.300
-55.110
-55.110
-53.700
-53.890
-54.640
-54.830
-56.430
-55.580
-54.360
-54.740
-55.870
-55.870
-55.210
-55.020
-57.090
