StatType:6
NumBins:1912
StartFreq:491898100
PerBin:dBmV/100kHz
-82.410
-55.020
-54.360
-53.980
-54.170
-55.490
-55.110
-53.700
-52.570
-53.420
-53.230
-53.040
-52.760
-53.980
-53.320
-52.850
-52.850
-53.790
-54.080
-53.320
-52.480
-53.420
-53.980
-54.080
-54.270
-53.890
-54.450
-55.770
-55.870
-55.390
-53.420
-54.830
-54.550
-54.740
-55.020
-54.450
-56.900
-55.490
-54.270
-52.950
-53.510
-54.920
-54.920
-54.920
-53.510
-52.760
-53.040
-53.980
-54.920
-56.050
-54.080
-53.790
-53.890
-53.610
-54.360
-55.580
-54.170
-53.700
-53.420
-53.700
-54.170
-54.920
-53.510
-54.270
-54.360
-55.020
-55.210
-53.980
-53.510
-53.890
-54.830
-53.980
-53.980
-54.080
-54.740
-55.390
-54.920
-54.270
-53.890
-52.760
-53.140
-53.420
-54.270
-53.040
-53.230
-54.360
-54.640
-54.640
-53.890
-54.450
-54.360
-53.420
-53.700
-53.980
-53.320
-53.980
-53.610
-53.040
-54.920
-56.050
-53.890
-55.110
-55.390
-55.580
-55.020
-53.790
-53.980
-54.450
-53.140
-53.320
-53.320
-52.760
-52.570
-52.010
-53.040
-53.790
-53.980
-54.080
-53.320
-54.740
-54.080
-53.610
-53.980
-54.550
-53.700
-53.980
-53.790
-53.040
-53.610
-53.510
-54.360
-54.740
-55.580
-54.360
-53.700
-54.360
-54.360
-54.920
-54.920
-54.360
-55.110
-54.640
-54.830
-53.980
-53.790
-53.140
-53.700
-53.890
-53.980
-55.580
-54.360
-53.790
-54.270
-53.510
-52.850
-53.980
-54.830
-53.320
-52.570
-53.980
-55.110
-54.360
-54.920
-54.080
-54.270
-54.830
-54.360
-54.920
-54.080
-53.610
-53.700
-53.230
-54.270
-54.450
-53.790
-53.610
-54.080
-53.610
-53.610
-53.230
-52.100
-52.100
-52.100
-53.890
-53.700
-53.230
-53.230
-53.320
-53.610
-53.790
-53.510
-54.170
-53.140
-53.700
-55.870
-55.300
-53.510
-52.850
-53.700
-53.980
-53.790
-53.980
-54.360
-55.210
-54.170
-54.360
-55.300
-55.210
-55.210
-53.510
-53.040
-53.980
-54.550
-53.320
-52.950
-54.080
-53.790
-53.700
-52.290
-52.570
-53.510
-52.100
-51.910
-52.290
-52.850
-53.040
-53.320
-54.450
-54.920
-56.150
-53.890
-52.850
-54.640
-54.550
-55.110
-54.550
-53.980
-53.700
-54.360
-55.300
-54.640
-53.980
-53.510
-53.980
-52.950
-52.950
-52.190
-53.420
-53.320
-52.480
-52.850
-53.790
-52.570
-52.670
-52.760
-51.820
-51.910
-52.480
-53.140
-54.080
-54.360
-52.850
-52.760
-53.420
-54.170
-54.550
-54.360
-54.640
-54.640
-54.450
-55.390
-55.680
-54.450
-54.080
-54.170
-55.210
-54.270
-54.920
-55.490
-53.890
-53.420
-53.890
-52.850
-54.270
-53.510
-53.040
-54.830
-53.510
-52.850
-53.230
-53.510
-51.820
-52.290
-53.320
-53.420
-52.570
-52.760
-54.170
-54.170
-53.230
-52.570
-53.140
-54.080
-54.080
-54.450
-53.420
-54.080
-55.020
-55.300
-55.490
-54.830
-53.420
-52.570
-53.320
-55.020
-54.740
-53.510
-52.380
-52.760
-53.510
-53.980
-53.510
-53.510
-53.980
-54.270
-53.890
-52.570
-52.950
-53.610
-54.740
-55.870
-54.270
-54.170
-53.230
-54.270
-54.360
-54.080
-54.080
-53.980
-53.980
-53.420
-53.510
-54.640
-53.890
-53.230
-52.850
-53.230
-52.950
-53.700
-54.550
-53.320
-53.700
-53.890
-53.420
-53.610
-55.210
-54.360
-53.230
-52.570
-52.670
-53.040
-53.610
-53.040
-53.230
-52.760
-52.760
-53.420
-52.570
-53.140
-54.270
-53.890
-52.950
-53.610
-53.790
-53.700
-53.040
-53.320
-54.270
-53.420
-53.790
-53.890
-53.230
-52.570
-55.110
-54.640
-53.320
-53.230
-54.360
-53.980
-54.360
-53.980
-53.230
-53.230
-53.700
-53.230
-52.570
-53.320
-53.510
-53.700
-54.170
-54.360
-54.830
-54.360
-52.670
-53.980
-53.790
-54.830
-54.170
-53.890
-54.270
-53.510
-55.390
-55.390
-55.390
-54.450
-52.380
-53.040
-53.700
-53.040
-52.100
-51.540
-51.820
-52.290
-52.290
-53.700
-53.040
-52.480
-52.950
-53.230
-53.230
-53.420
-52.380
-52.290
-53.510
-52.570
-53.610
-54.080
-52.850
-54.270
-55.580
-55.110
-55.870
-57.090
-54.550
-53.140
-53.320
-55.580
-54.170
-54.450
-54.550
-53.510
-52.760
-54.740
-53.510
-53.320
-52.010
-51.540
-51.440
-51.350
-51.630
-52.190
-50.970
-52.290
-53.140
-52.290
-52.380
-53.320
-53.510
-53.790
-52.570
-53.040
-53.510
-52.380
-53.320
-53.700
-53.420
-53.510
-54.080
-54.170
-53.890
-53.420
-53.890
-54.550
-54.360
-55.110
-53.510
-53.040
-54.170
-54.170
-53.700
-54.360
-53.420
-52.010
-52.950
-51.720
-49.750
-51.630
-52.380
-53.510
-51.910
-52.380
-51.630
-51.720
-52.760
-54.170
-53.510
-53.320
-54.270
-54.450
-54.360
-54.830
-54.740
-54.740
-53.040
-53.230
-54.740
-54.360
-53.980
-55.210
-53.790
-53.140
-53.420
-53.140
-52.670
-53.980
-53.420
-53.980
-54.270
-53.980
-53.040
-52.760
-53.420
-52.380
-53.700
-54.450
-54.740
-53.610
-54.450
-54.170
-53.040
-51.820
-53.040
-53.230
-52.670
-52.380
-53.140
-53.890
-54.550
-54.450
-53.320
-53.980
-54.450
-53.700
-53.320
-54.360
-55.490
-54.080
-53.790
-53.510
-53.420
-54.270
-53.320
-52.670
-54.170
-53.140
-53.140
-52.570
-53.980
-53.790
-52.670
-54.170
-53.510
-53.980
-54.830
-54.640
-53.980
-53.320
-52.100
-53.610
-53.980
-54.080
-54.170
-52.850
-54.080
-53.890
-53.890
-53.790
-53.320
-52.010
-53.510
-52.190
-52.570
-54.270
-55.300
-53.040
-52.670
-52.760
-52.570
-52.570
-53.230
-54.170
-52.950
-54.360
-54.640
-54.550
-54.450
-53.230
-53.790
-54.550
-54.360
-53.040
-52.670
-52.010
-52.950
-54.640
-54.170
-53.700
-53.610
-53.980
-53.230
-54.170
-53.230
-53.700
-53.230
-53.890
-53.420
-51.820
-52.010
-52.570
-53.790
-53.980
-54.830
-53.320
-51.630
-51.540
-51.440
-52.480
-51.630
-51.070
-51.250
-51.820
-52.570
-52.290
-51.820
-53.140
-53.980
-53.980
-53.510
-54.170
-53.790
-54.450
-54.360
-55.110
-55.020
-54.170
-54.920
-53.140
-53.700
-53.140
-51.250
-50.880
-52.570
-52.190
-52.380
-52.480
-52.570
-51.820
-52.190
-53.040
-52.670
-53.610
-53.230
-52.290
-52.760
-51.820
-52.480
-52.570
-53.140
-53.790
-52.570
-52.290
-52.950
-53.230
-53.510
-53.230
-55.300
-55.020
-53.980
-54.550
-55.390
-52.950
-53.140
-53.890
-53.320
-53.140
-52.670
-52.950
-53.140
-53.420
-53.790
-52.670
-52.290
-53.320
-54.550
-52.850
-52.950
-52.760
-51.630
-51.350
-52.570
-55.110
-53.980
-54.170
-54.830
-53.610
-54.360
-54.450
-54.640
-54.920
-53.700
-53.700
-54.740
-54.450
-55.020
-54.170
-52.100
-51.820
-52.670
-52.290
-51.440
-53.140
-52.010
-52.380
-53.790
-53.040
-52.670
-53.040
-52.670
-52.480
-52.100
-51.910
-52.850
-53.140
-52.190
-52.480
-53.040
-52.480
-53.230
-54.360
-53.320
-54.920
-54.640
-52.950
-53.510
-54.270
-53.890
-53.420
-53.230
-53.700
-52.850
-52.670
-54.360
-54.550
-53.230
-52.850
-51.910
-50.970
-51.540
-51.910
-51.440
-53.140
-52.290
-52.850
-53.610
-51.910
-52.480
-53.980
-53.610
-53.320
-53.610
-53.140
-53.980
-53.610
-53.700
-53.230
-52.190
-52.950
-53.510
-53.790
-52.950
-55.580
-54.270
-54.080
-54.550
-54.080
-53.890
-52.570
-52.850
-51.440
-52.290
-51.820
-51.630
-50.590
-50.500
-50.500
-51.350
-52.380
-52.950
-51.910
-53.700
-53.320
-53.700
-53.980
-52.950
-52.100
-53.320
-53.140
-52.850
-52.850
-53.230
-52.570
-52.570
-52.100
-52.760
-53.420
-53.890
-53.420
-52.290
-53.140
-53.790
-53.140
-52.850
-53.320
-52.290
-52.290
-52.380
-52.950
-53.510
-51.820
-50.410
-52.480
-52.950
-51.070
-51.440
-51.540
-51.540
-52.850
-51.440
-51.630
-53.320
-52.010
-52.190
-51.720
-50.690
-52.670
-52.670
-52.190
-52.570
-53.230
-53.140
-53.040
-52.850
-53.420
-53.140
-53.790
-53.610
-52.760
-53.700
-54.830
-53.700
-53.040
-53.510
-53.320
-52.480
-53.610
-55.300
-54.450
-52.380
-52.570
-52.760
-52.760
-53.040
-51.820
-51.820
-51.250
-50.780
-51.440
-51.440
-52.190
-53.890
-53.230
-52.290
-51.540
-51.160
-51.350
-52.380
-52.380
-52.380
-52.670
-53.320
-53.700
-52.570
-53.140
-52.380
-53.040
-53.320
-52.950
-52.480
-52.760
-52.100
-53.230
-53.510
-54.170
-53.510
-52.290
-53.610
-52.850
-52.670
-54.450
-54.360
-53.610
-53.700
-52.760
-52.760
-53.610
-53.700
-52.850
-53.040
-51.820
-51.350
-52.380
-52.480
-52.480
-52.010
-51.440
-51.540
-50.970
-51.630
-52.190
-51.350
-52.100
-51.160
-50.880
-51.160
-51.440
-52.290
-52.190
-52.570
-52.850
-53.420
-53.320
-53.700
-54.450
-53.790
-53.510
-52.760
-52.100
-52.480
-52.480
-52.760
-53.320
-52.380
-51.540
-52.010
-53.420
-52.570
-51.350
-51.160
-52.190
-51.350
-51.820
-52.290
-51.160
-51.250
-51.350
-50.220
-51.540
-52.010
-51.630
-50.970
-51.440
-50.970
-50.310
-50.590
-51.160
-52.380
-52.850
-53.980
-53.700
-52.670
-52.950
-53.980
-55.870
-54.920
-54.450
-52.480
-53.510
-52.760
-52.950
-53.510
-52.760
-53.230
-51.910
-51.630
-52.480
-51.910
-51.350
-51.540
-50.500
-50.500
-52.380
-51.540
-50.780
-52.380
-52.670
-52.760
-51.910
-51.440
-50.410
-51.160
-51.250
-52.100
-52.570
-51.630
-52.760
-52.570
-52.480
-52.760
-51.820
-51.630
-52.950
-53.140
-51.720
-52.100
-52.380
-53.700
-53.610
-52.850
-51.910
-52.010
-52.570
-52.850
-52.100
-52.760
-51.540
-50.970
-50.220
-51.350
-52.290
-52.290
-52.100
-51.720
-51.540
-52.010
-52.380
-52.480
-51.630
-51.250
-52.570
-52.380
-52.480
-50.970
-50.970
-52.380
-52.760
-52.850
-52.950
-52.760
-52.380
-52.010
-52.670
-53.140
-52.100
-52.850
-53.040
-53.040
-53.610
-52.670
-53.140
-52.380
-52.380
-52.290
-50.880
-50.780
-52.010
-51.440
-52.010
-52.480
-52.380
-51.720
-51.440
-52.010
-52.290
-52.380
-52.010
-52.380
-52.100
-51.630
-51.160
-51.070
-51.540
-52.010
-52.570
-50.690
-52.190
-52.480
-51.440
-52.570
-52.290
-52.480
-52.850
-52.570
-53.320
-52.950
-52.100
-53.610
-54.170
-53.320
-53.980
-52.850
-52.950
-53.790
-52.380
-52.290
-53.510
-51.910
-51.720
-51.160
-51.820
-52.670
-52.950
-52.760
-52.100
-51.440
-52.480
-52.100
-51.820
-51.350
-52.100
-52.380
-51.440
-51.070
-51.720
-51.350
-50.970
-51.720
-51.720
-52.190
-51.160
-52.100
-52.190
-52.010
-51.540
-52.010
-52.100
-52.950
-52.950
-54.080
-55.110
-54.830
-54.550
-53.980
-53.790
-51.540
-51.630
-53.040
-53.140
-51.440
-50.970
-51.820
-51.910
-51.820
-52.850
-52.760
-50.310
-50.310
-52.380
-50.780
-51.540
-52.100
-52.480
-54.550
-52.760
-53.040
-52.010
-51.630
-51.540
-50.690
-50.590
-51.350
-52.190
-52.850
-52.190
-53.700
-54.640
-53.140
-52.950
-53.230
-52.760
-52.850
-52.190
-53.230
-54.450
-53.320
-53.140
-53.890
-53.230
-51.910
-50.500
-51.160
-51.070
-52.010
-51.250
-50.500
-52.850
-53.140
-51.910
-53.140
-52.670
-51.070
-51.630
-52.380
-52.290
-51.630
-52.380
-51.910
-52.380
-53.230
-52.190
-53.610
-52.850
-53.140
-53.320
-51.820
-51.350
-53.040
-52.290
-51.630
-52.850
-52.480
-51.070
-51.160
-51.440
-51.350
-51.720
-51.540
-52.380
-53.040
-52.190
-51.440
-52.010
-52.950
-53.890
-53.320
-52.100
-51.250
-52.010
-51.250
-51.070
-52.010
-52.190
-52.190
-53.790
-54.080
-52.670
-52.100
-53.320
-52.380
-51.440
-50.970
-52.010
-53.890
-52.850
-52.670
-52.010
-53.510
-53.320
-52.480
-52.670
-52.570
-52.850
-51.720
-53.790
-53.420
-51.250
-50.220
-52.290
-53.420
-53.140
-53.890
-53.320
-52.950
-52.760
-53.140
-53.040
-54.450
-54.080
-53.040
-52.480
-52.380
-51.160
-51.250
-52.380
-52.760
-52.010
-52.290
-52.010
-51.910
-52.100
-51.630
-51.160
-51.070
-50.500
-50.500
-50.120
-50.780
-52.100
-52.850
-51.720
-50.410
-51.350
-52.570
-53.140
-52.290
-51.440
-51.910
-51.540
-51.350
-51.160
-51.820
-52.100
-51.540
-52.190
-53.230
-52.380
-52.670
-53.040
-52.100
-52.950
-53.700
-54.550
-53.140
-53.040
-53.040
-51.820
-50.590
-51.910
-51.440
-51.720
-51.820
-52.670
-50.880
-50.120
-50.690
-52.190
-51.910
-51.630
-50.780
-51.250
-50.970
-50.690
-52.100
-53.610
-52.380
-52.480
-53.790
-53.510
-53.140
-52.850
-52.760
-52.570
-53.510
-52.480
-53.230
-51.720
-52.670
-52.950
-53.700
-52.480
-51.540
-51.540
-51.250
-53.040
-52.670
-52.950
-54.080
-54.640
-52.290
-52.950
-51.820
-52.760
-53.610
-54.270
-53.230
-51.440
-50.500
-50.500
-51.070
-51.820
-53.140
-54.170
-51.250
-51.720
-53.320
-52.950
-52.670
-53.140
-52.290
-51.910
-53.700
-54.450
-53.040
-53.230
-52.850
-53.140
-53.790
-52.190
-53.320
-53.230
-51.910
-51.820
-51.540
-52.010
-52.380
-52.480
-52.670
-52.950
-52.950
-52.290
-52.100
-52.380
-51.350
-51.820
-53.040
-53.700
-53.140
-52.190
-51.250
-51.540
-51.820
-51.820
-51.440
-52.480
-52.850
-51.910
-52.190
-52.380
-51.720
-51.160
-51.070
-51.540
-52.950
-53.510
-52.950
-52.570
-52.850
-53.890
-53.790
-54.080
-53.700
-53.790
-52.670
-54.270
-52.380
-50.590
-51.820
-54.830
-54.080
-52.100
-51.720
-52.380
-51.720
-51.540
-52.100
-52.100
-52.290
-51.250
-51.820
-51.820
-51.540
-52.570
-52.850
-51.720
-50.690
-51.250
-51.070
-50.590
-51.540
-51.250
-50.880
-51.440
-51.630
-52.100
-53.510
-54.920
-53.140
-53.230
-52.480
-52.380
-54.170
-53.320
-53.320
-53.700
-53.890
-54.170
-53.040
-51.350
-50.880
-52.100
-52.760
-52.380
-52.760
-51.440
-51.540
-52.010
-52.380
-51.820
-52.380
-52.190
-51.630
-52.670
-52.010
-52.380
-53.040
-51.350
-51.540
-51.070
-51.910
-53.420
-51.820
-51.630
-51.910
-52.190
-51.630
-51.160
-52.100
-52.010
-52.380
-53.320
-52.570
-52.380
-51.910
-52.290
-53.510
-53.510
-52.760
-52.290
-52.950
-54.360
-54.830
-52.850
-51.440
-52.670
-52.570
-50.690
-51.160
-51.440
-51.350
-50.500
-51.540
-51.540
-52.190
-52.670
-50.310
-50.120
-51.630
-51.250
-49.940
-51.250
-51.910
-51.910
-51.540
-52.290
-51.910
-52.670
-54.270
-54.170
-53.700
-54.080
-53.510
-51.630
-52.100
-51.350
-51.350
-52.480
-52.290
-51.350
-52.010
-53.420
-53.140
-52.100
-52.290
-52.290
-52.100
-51.820
-52.480
-54.080
-52.480
-51.630
-52.190
-53.140
-52.670
-51.250
-51.630
-52.480
-52.570
-51.820
-51.440
-51.910
-51.720
-51.820
-51.440
-52.380
-53.140
-52.290
-51.440
-52.190
-52.570
-52.950
-53.140
-52.570
-52.290
-51.820
-52.480
-53.890
-52.950
-52.290
-52.950
-52.850
-52.950
-50.590
-51.440
-52.760
-53.140
-53.140
-51.720
-51.820
-51.350
-52.950
-52.850
-52.480
-53.700
-53.230
-51.250
-50.970
-51.910
-51.160
-51.440
-51.350
-50.220
-50.220
-50.780
-51.160
-52.760
-54.640
-52.570
-51.440
-52.010
-52.670
-52.190
-53.510
-52.670
-52.760
-52.670
-52.670
-52.760
-53.510
-52.760
-52.670
-51.630
-51.720
-53.510
-51.540
-50.970
-51.820
-51.350
-52.480
-51.910
-51.160
-51.070
-51.630
-50.970
-51.820
-52.480
-52.950
-53.320
-51.820
-50.310
-51.540
-52.760
-52.010
-50.120
-50.690
-52.010
-52.190
-52.570
-51.630
-50.880
-52.850
-53.320
-54.360
-52.380
-53.320
-54.550
-53.230
-52.850
-55.390
-53.610
-52.670
-53.700
-52.850
-52.290
-51.720
-51.350
-50.880
-50.590
-50.970
-51.070
-51.250
-52.570
-52.100
-50.220
-52.570
-52.480
-52.570
-52.100
-51.820
-53.890
-53.230
-50.590
-50.880
-53.790
-52.380
-51.630
-53.610
-53.230
-53.140
-51.440
-49.750
-52.290
-51.910
-50.780
-51.350
-53.140
-52.570
-52.570
-53.040
-52.190
-51.910
-53.040
-51.540
-51.540
-52.010
-53.230
-53.510
-51.820
-51.720
-50.220
-49.650
-51.250
-50.780
-53.230
-52.950
-52.480
-52.190
-52.570
-51.070
-51.630
-50.970
-50.780
-52.190
-52.670
-51.910
-51.720
-52.380
-52.190
-52.950
-52.380
-50.970
-50.780
-50.500
-51.630
-51.630
-51.720
-50.500
-50.410
-51.910
-52.100
-51.350
-51.350
-51.630
-52.380
-53.420
-52.760
-52.760
-52.100
-51.440
-52.380
-52.480
-52.480
-51.350
-51.720
-53.040
-52.480
-50.970
-51.910
-53.040
-52.190
-51.820
-52.100
-52.380
-52.290
-52.570
-51.440
-50.780
-50.690
-51.910
-52.190
-52.570
-51.350
-50.590
-50.780
-51.910
-51.540
-51.910
-52.480
-52.290
-51.160
-52.190
-52.950
-53.140
-52.190
-52.380
-51.910
-51.160
-51.720
-52.100
-52.950
-51.820
-53.040
-53.230
-53.420
-53.980
-53.140
-53.700
-52.950
-52.010
-52.290
-50.780
-51.630
-52.950
-52.670
-50.780
-50.970
-52.760
-51.540
-49.180
-48.810
-49.470
-49.840
-51.250
-52.380
-52.190
-51.350
-52.480
-52.190
-51.820
-51.630
-50.880
-51.540
-52.480
-51.720
-51.630
-52.670
-52.380
-52.760
-52.290
-53.320
-53.790
-51.630
-52.850
-52.950
-52.480
-52.480
-53.230
-53.320
-53.140
-52.570
-52.480
-52.670
-51.350
-51.070
-51.820
-51.820
-51.540
-51.350
-50.880
-51.440
-51.540
-51.160
-51.160
-52.290
-51.630
-51.820
-51.720
-51.440
-51.820
-52.670
-53.140
-52.950
-51.540
-51.630
