StatType:6
NumBins:1912
StartFreq:107898100
PerBin:dBmV/100kHz
-82.410
-52.190
-51.250
-50.410
-51.440
-53.230
-52.570
-50.880
-51.630
-51.910
-51.820
-50.120
-50.310
-50.880
-50.690
-51.250
-51.250
-51.070
-50.220
-51.440
-52.100
-52.670
-51.250
-50.880
-52.760
-52.670
-50.970
-50.880
-52.010
-51.070
-51.250
-52.380
-52.670
-52.010
-52.010
-50.500
-50.410
-50.590
-50.500
-51.070
-51.160
-50.780
-50.780
-49.940
-50.120
-51.160
-50.500
-49.750
-50.970
-51.820
-51.720
-50.310
-50.690
-51.070
-51.820
-53.140
-51.630
-51.910
-51.720
-51.820
-50.880
-51.160
-51.540
-50.500
-51.070
-51.630
-51.440
-50.780
-50.970
-50.780
-50.120
-50.310
-52.010
-51.070
-50.410
-51.720
-49.650
-50.120
-51.720
-52.010
-51.250
-51.540
-52.760
-50.220
-49.470
-50.500
-50.690
-50.120
-50.500
-50.030
-50.970
-50.120
-50.690
-53.040
-51.630
-51.250
-51.160
-51.440
-51.820
-51.250
-52.760
-52.760
-50.780
-50.690
-50.590
-50.780
-52.290
-51.820
-51.070
-51.540
-50.690
-49.280
-50.120
-50.590
-50.970
-51.540
-51.540
-50.970
-51.350
-49.750
-49.560
-51.070
-51.910
-51.440
-50.970
-50.310
-49.940
-50.030
-51.540
-52.850
-53.040
-51.820
-51.820
-51.540
-52.290
-52.950
-52.950
-51.630
-52.290
-51.630
-52.190
-52.480
-52.570
-50.880
-49.940
-50.690
-52.010
-51.820
-51.720
-50.690
-52.010
-52.290
-51.720
-51.070
-51.540
-50.690
-49.650
-49.750
-52.100
-52.290
-51.540
-51.160
-51.250
-53.980
-53.320
-51.820
-50.970
-51.630
-51.820
-52.190
-51.630
-51.070
-51.820
-52.010
-51.250
-50.690
-50.970
-51.160
-50.500
-51.160
-50.880
-50.690
-50.590
-50.880
-50.500
-51.250
-50.880
-50.590
-51.720
-51.910
-51.820
-51.630
-53.040
-53.610
-52.480
-50.780
-51.720
-52.290
-51.440
-51.720
-52.190
-51.630
-50.780
-50.500
-50.220
-50.310
-50.500
-51.350
-50.970
-50.310
-51.160
-52.100
-51.910
-51.160
-51.630
-51.910
-50.690
-50.590
-51.440
-50.590
-51.250
-51.250
-49.560
-49.090
-49.940
-51.440
-50.780
-51.160
-50.880
-50.310
-51.910
-51.540
-51.820
-52.480
-52.010
-51.160
-52.380
-52.760
-52.290
-52.190
-52.670
-53.980
-53.420
-51.910
-50.410
-50.120
-51.820
-52.850
-52.380
-51.540
-51.540
-51.910
-51.070
-49.650
-49.560
-50.690
-51.070
-52.190
-51.910
-52.190
-52.100
-52.100
-51.820
-51.630
-52.290
-50.970
-50.970
-52.850
-51.820
-51.440
-51.910
-53.510
-51.720
-50.410
-50.220
-51.070
-51.910
-51.250
-51.820
-53.700
-53.140
-52.570
-53.510
-51.910
-51.250
-51.820
-51.160
-51.820
-52.010
-53.230
-51.630
-50.880
-51.720
-52.380
-52.480
-52.570
-52.010
-52.760
-52.480
-51.720
-51.440
-51.820
-51.540
-51.160
-50.970
-53.610
-53.320
-51.630
-51.720
-51.910
-51.820
-50.220
-50.410
-53.140
-52.290
-51.540
-52.850
-52.480
-52.480
-52.760
-51.820
-50.780
-50.690
-51.820
-52.380
-50.030
-49.840
-50.500
-51.540
-51.910
-51.540
-52.010
-52.480
-51.540
-51.910
-52.570
-53.230
-52.480
-51.910
-51.820
-50.500
-49.470
-49.840
-50.780
-51.720
-51.820
-51.160
-51.630
-52.190
-53.040
-51.910
-51.540
-52.290
-52.380
-51.820
-50.590
-51.250
-51.630
-50.880
-51.630
-53.140
-52.480
-51.630
-52.570
-53.230
-53.980
-51.910
-53.040
-50.310
-50.780
-52.670
-52.100
-51.160
-52.570
-53.420
-53.230
-52.480
-52.190
-52.570
-53.890
-52.100
-50.120
-51.630
-52.760
-52.950
-53.040
-52.290
-52.380
-52.010
-53.140
-53.980
-53.700
-52.290
-51.350
-51.350
-52.380
-51.070
-52.190
-50.590
-50.880
-51.160
-52.850
-52.570
-52.480
-52.380
-51.910
-52.850
-52.290
-52.480
-52.850
-52.570
-51.910
-51.350
-50.970
-51.250
-52.100
-52.670
-52.010
-51.440
-52.100
-52.570
-51.070
-50.590
-49.940
-49.180
-51.630
-52.100
-52.570
-51.910
-52.190
-51.540
-51.630
-52.190
-52.480
-52.670
-51.820
-52.010
-52.950
-53.510
-52.950
-52.760
-52.760
-51.910
-52.570
-52.100
-51.350
-50.690
-50.310
-51.440
-51.540
-51.720
-51.250
-51.160
-50.590
-52.010
-52.190
-51.540
-52.290
-52.480
-50.970
-51.070
-51.350
-51.070
-51.720
-52.570
-52.670
-52.380
-50.690
-51.440
-51.540
-52.100
-51.350
-51.910
-52.190
-53.420
-53.510
-52.670
-52.480
-52.380
-51.630
-51.070
-52.380
-53.420
-52.190
-51.440
-51.820
-51.350
-50.220
-50.120
-52.850
-53.230
-52.760
-52.290
-52.190
-53.230
-54.170
-53.320
-51.070
-50.880
-50.690
-49.650
-50.970
-52.760
-52.190
-52.010
-52.850
-51.540
-51.070
-52.670
-53.140
-52.760
-52.010
-51.910
-52.100
-52.100
-51.720
-51.630
-51.630
-51.630
-51.250
-52.570
-52.850
-52.950
-53.040
-51.720
-51.820
-50.970
-50.970
-51.720
-52.010
-50.690
-50.970
-53.040
-53.140
-51.720
-52.010
-53.140
-52.570
-51.820
-51.720
-52.670
-53.890
-53.510
-52.570
-51.350
-52.010
-52.290
-52.850
-53.040
-52.100
-51.630
-50.220
-50.780
-52.290
-51.540
-51.630
-52.290
-53.510
-51.630
-50.970
-51.350
-50.780
-50.500
-52.010
-52.190
-52.010
-51.540
-50.590
-51.540
-52.100
-52.190
-52.100
-53.790
-53.700
-52.190
-53.610
-53.980
-53.890
-54.170
-53.700
-53.230
-52.950
-53.320
-51.630
-50.880
-52.380
-52.570
-52.850
-52.670
-52.190
-51.350
-52.190
-52.010
-52.380
-50.590
-50.970
-52.100
-51.820
-51.250
-50.780
-50.970
-51.720
-53.140
-53.040
-51.630
-51.540
-52.670
-51.720
-52.760
-52.570
-51.350
-52.100
-52.850
-51.630
-52.760
-53.420
-52.570
-51.910
-52.190
-54.640
-52.380
-52.850
-53.320
-52.570
-53.700
-51.720
-51.820
-52.190
-51.160
-51.440
-52.010
-51.250
-51.160
-50.780
-52.100
-51.910
-51.910
-54.170
-53.420
-53.140
-52.100
-52.670
-52.760
-52.760
-51.540
-51.350
-52.570
-52.570
-51.820
-52.010
-51.910
-51.630
-53.040
-52.850
-52.950
-53.610
-52.100
-51.440
-53.040
-53.040
-52.850
-53.420
-53.790
-52.850
-51.630
-53.040
-52.570
-53.040
-53.510
-52.480
-52.570
-52.290
-51.540
-52.010
-52.100
-51.350
-52.570
-54.550
-52.480
-52.100
-53.700
-54.080
-52.480
-51.160
-51.910
-53.320
-53.790
-53.510
-51.540
-51.350
-52.010
-53.230
-53.420
-52.670
-51.440
-51.910
-52.100
-52.950
-52.670
-51.910
-52.010
-52.950
-53.510
-53.980
-54.360
-52.290
-53.420
-54.080
-53.980
-53.510
-53.040
-52.950
-53.140
-52.010
-52.010
-53.320
-53.040
-52.190
-52.570
-52.380
-52.670
-52.850
-51.070
-51.820
-51.160
-51.630
-51.540
-51.720
-51.540
-52.850
-51.720
-52.380
-52.480
-51.910
-51.440
-51.160
-52.010
-53.040
-52.950
-52.190
-52.380
-52.480
-52.850
-53.890
-53.980
-52.850
-53.040
-52.570
-52.570
-53.040
-53.700
-54.920
-53.230
-52.950
-52.570
-52.190
-52.850
-52.290
-53.040
-52.850
-51.630
-51.910
-53.320
-52.950
-53.140
-52.380
-52.190
-52.670
-54.080
-53.230
-52.010
-52.570
-51.910
-52.570
-52.670
-53.140
-53.230
-53.700
-53.320
-52.290
-51.820
-54.640
-55.390
-53.230
-53.890
-53.610
-52.570
-52.760
-52.380
-52.100
-52.010
-52.480
-52.190
-52.190
-52.760
-52.100
-51.440
-52.480
-53.980
-52.570
-52.380
-52.950
-52.950
-52.010
-51.540
-51.910
-53.140
-52.190
-51.910
-52.380
-52.670
-52.100
-52.190
-52.380
-53.320
-53.510
-53.790
-52.950
-52.290
-52.950
-53.610
-52.570
-51.820
-52.570
-53.140
-53.230
-52.480
-52.850
-54.270
-53.510
-53.040
-52.670
-52.380
-53.420
-53.980
-52.950
-53.790
-53.790
-53.700
-53.420
-52.760
-51.720
-50.780
-52.380
-54.450
-54.550
-53.790
-52.100
-52.950
-55.110
-54.170
-54.920
-53.790
-52.950
-52.380
-51.910
-52.950
-52.100
-51.820
-52.290
-52.760
-54.830
-54.640
-53.040
-53.510
-54.550
-55.390
-53.230
-52.570
-52.670
-53.420
-53.610
-54.450
-53.230
-53.890
-54.640
-52.760
-52.290
-53.890
-54.080
-52.670
-52.010
-53.320
-53.320
-53.140
-53.510
-52.380
-52.290
-53.040
-53.980
-53.040
-53.140
-52.570
-51.720
-51.630
-53.320
-52.850
-53.140
-52.950
-52.950
-52.570
-53.040
-53.980
-53.980
-53.230
-54.270
-53.140
-54.640
-54.170
-53.040
-52.850
-53.610
-53.980
-53.610
-54.830
-54.640
-52.570
-53.040
-54.550
-55.110
-54.170
-52.380
-53.420
-54.360
-53.420
-54.360
-53.510
-53.700
-54.830
-52.670
-51.630
-53.230
-53.510
-53.140
-53.610
-53.320
-53.610
-53.140
-52.190
-52.380
-52.480
-53.320
-53.420
-54.450
-54.360
-54.640
-53.420
-53.510
-53.790
-53.040
-53.140
-52.760
-51.910
-53.420
-53.890
-53.420
-52.100
-52.480
-52.850
-53.040
-53.790
-53.610
-53.040
-54.360
-52.380
-51.540
-51.820
-52.850
-53.140
-52.850
-53.320
-52.850
-54.360
-53.980
-53.230
-53.980
-51.910
-52.190
-53.510
-52.100
-51.820
-53.140
-53.890
-54.360
-52.850
-53.140
-53.040
-52.950
-52.010
-52.380
-53.140
-53.510
-52.670
-52.850
-52.380
-53.320
-54.270
-52.950
-53.320
-52.670
-53.140
-54.270
-54.270
-54.920
-53.790
-52.010
-52.760
-52.670
-53.230
-53.510
-52.670
-54.170
-53.320
-52.190
-52.190
-53.890
-54.640
-53.040
-52.850
-54.080
-55.300
-54.920
-53.230
-51.910
-52.950
-51.160
-50.970
-51.540
-52.760
-53.420
-53.320
-53.040
-52.100
-52.760
-53.230
-52.950
-53.790
-53.140
-52.950
-54.640
-53.420
-51.910
-53.510
-53.040
-52.760
-53.140
-54.740
-53.140
-52.950
-52.670
-52.380
-52.480
-52.760
-51.250
-52.850
-54.080
-53.700
-53.140
-52.290
-52.670
-52.850
-52.290
-53.320
-53.610
-52.850
-53.140
-53.790
-53.610
-54.080
-53.700
-53.790
-53.320
-53.700
-52.570
-53.040
-54.080
-53.510
-53.230
-53.040
-52.850
-53.140
-53.790
-52.760
-52.480
-52.670
-53.040
-54.740
-54.640
-54.550
-53.980
-54.170
-53.420
-54.450
-55.960
-53.610
-54.170
-53.320
-52.760
-53.040
-52.850
-53.230
-52.380
-52.950
-53.320
-54.550
-53.510
-53.420
-52.850
-53.320
-52.480
-53.040
-52.380
-51.820
-52.190
-53.230
-55.020
-55.300
-54.740
-54.830
-54.080
-53.510
-53.890
-53.320
-53.510
-54.920
-53.320
-52.760
-52.100
-54.360
-54.830
-53.420
-53.230
-53.420
-54.080
-55.020
-53.790
-52.950
-52.570
-54.270
-54.360
-54.830
-54.270
-53.140
-53.040
-53.610
-54.920
-54.640
-54.170
-53.040
-53.140
-52.190
-54.270
-55.390
-55.870
-54.080
-53.890
-52.670
-52.670
-52.290
-53.610
-52.760
-53.040
-52.950
-52.380
-53.040
-54.920
-53.140
-54.550
-53.890
-53.230
-53.980
-53.890
-54.080
-53.890
-53.040
-52.850
-53.510
-53.980
-53.140
-53.610
-55.210
-55.580
-53.510
-54.170
-53.700
-52.570
-52.670
-53.890
-52.760
-51.820
-53.320
-54.450
-53.140
-52.480
-52.570
-52.570
-53.790
-53.700
-53.700
-52.760
-53.230
-53.790
-52.380
-52.760
-53.230
-52.380
-53.040
-53.320
-52.100
-52.950
-54.170
-53.320
-53.700
-53.420
-52.670
-54.270
-53.420
-54.270
-53.230
-53.320
-54.360
-54.170
-54.640
-53.320
-52.760
-54.550
-54.550
-53.230
-53.610
-54.640
-53.790
-53.610
-53.510
-53.320
-53.790
-53.610
-53.420
-53.510
-54.270
-54.360
-54.170
-53.890
-53.420
-52.480
-53.510
-53.320
-52.670
-52.850
-52.190
-53.230
-54.550
-54.360
-54.640
-53.610
-53.510
-53.510
-53.140
-53.140
-53.230
-54.080
-53.980
-53.040
-53.420
-53.420
-55.020
-54.830
-54.360
-52.850
-53.230
-53.230
-53.510
-54.640
-53.420
-52.380
-52.380
-52.570
-53.420
-53.700
-52.010
-52.480
-54.080
-53.230
-52.100
-52.950
-53.890
-53.700
-52.570
-52.760
-53.890
-54.170
-53.700
-53.980
-55.680
-54.830
-53.420
-53.140
-53.320
-53.790
-54.270
-54.450
-53.980
-53.140
-53.230
-54.080
-54.640
-55.110
-54.270
-53.230
-52.670
-52.850
-53.980
-53.420
-53.040
-52.190
-52.850
-53.610
-53.700
-54.920
-54.270
-54.080
-53.700
-54.550
-53.980
-53.140
-53.980
-53.790
-54.080
-54.170
-54.360
-53.890
-52.950
-54.080
-53.790
-53.420
-53.040
-53.040
-53.230
-54.270
-53.980
-54.450
-53.230
-52.760
-54.740
-55.390
-54.640
-54.740
-53.140
-53.700
-54.450
-53.040
-54.550
-53.980
-53.510
-53.320
-53.230
-53.610
-55.210
-53.790
-53.700
-52.760
-54.170
-53.230
-52.480
-53.890
-54.360
-53.790
-53.700
-53.700
-53.790
-54.450
-53.230
-53.320
-53.700
-52.380
-52.290
-54.270
-53.040
-53.510
-53.320
-53.040
-53.790
-53.790
-53.890
-54.080
-53.890
-55.390
-55.580
-55.300
-54.270
-55.300
-55.210
-54.080
-53.610
-53.140
-53.040
-52.950
-53.230
-53.790
-52.850
-52.570
-51.630
-52.850
-53.420
-53.610
-52.760
-52.190
-53.610
-53.140
-52.290
-52.950
-53.320
-53.040
-52.480
-52.950
-53.510
-54.450
-55.210
-55.110
-53.510
-53.040
-52.670
-52.850
-53.610
-53.040
-53.890
-54.550
-53.700
-54.080
-53.510
-52.760
-52.670
-53.510
-54.450
-53.610
-53.040
-52.850
-54.170
-52.570
-52.010
-52.480
-52.670
-51.540
-53.040
-55.020
-54.360
-53.510
-53.420
-52.290
-52.670
-52.850
-54.830
-55.110
-54.830
-53.790
-52.670
-53.980
-55.020
-53.230
-52.670
-53.890
-53.980
-54.920
-55.210
-53.700
-53.510
-53.980
-52.950
-53.610
-53.230
-53.610
-53.610
-52.670
-52.190
-53.040
-52.670
-52.670
-52.190
-52.380
-53.230
-54.450
-53.140
-53.890
-53.700
-53.230
-54.740
-54.360
-55.110
-54.830
-53.510
-53.040
-53.700
-54.640
-53.980
-53.700
-53.980
-53.610
-52.950
-53.510
-53.610
-54.270
-53.610
-52.190
-51.820
-52.850
-54.550
-55.110
-54.550
-53.420
-52.480
-52.570
-51.910
-51.910
-53.420
-53.510
-53.890
-53.790
-53.420
-53.700
-54.080
-53.510
-53.890
-54.360
-54.740
-54.360
-54.360
-53.420
-53.510
-54.920
-53.890
-53.510
-53.700
-53.790
-53.420
-52.290
-52.950
-54.550
-56.240
-53.610
-53.790
-53.040
-52.850
-52.290
-52.010
-52.850
-52.570
-52.010
-52.950
-53.980
-53.980
-54.550
-53.420
-54.270
-54.920
-53.980
-54.170
-54.550
-53.420
-53.230
-52.760
-53.790
-53.510
-53.700
-54.080
-54.450
-53.980
-54.550
-53.700
-53.420
-54.080
-53.420
-52.670
-52.670
-53.790
-55.870
-53.790
-53.140
-53.320
-53.890
-53.700
-53.510
-53.230
-52.380
-53.700
-53.510
-54.080
-55.020
-54.920
-53.230
-53.790
-54.080
-53.980
-53.230
-53.320
-53.230
-53.510
-53.610
-53.610
-53.890
-53.700
-53.140
-53.040
-53.320
-53.980
-53.700
-52.480
-52.570
-52.190
-53.610
-54.360
-54.360
-53.890
-54.170
-54.170
-54.550
-53.320
-53.420
-53.700
-54.080
-53.040
-54.550
-54.170
-53.980
-53.980
-55.770
-53.980
-53.140
-53.980
-55.680
-53.980
-53.510
-53.320
-55.210
-54.080
-54.360
-53.700
-53.230
-53.420
-53.140
-53.510
-53.230
-52.850
-52.950
-53.040
-53.890
-53.420
-52.850
-53.980
-54.920
-54.640
-53.230
-52.760
-53.510
-53.510
-53.890
-56.050
-55.110
-54.740
-54.080
-53.140
-54.640
-55.870
-55.300
-55.210
-54.550
-52.760
-52.850
-54.360
-54.080
-54.170
-54.360
-53.890
-52.760
-53.890
-53.610
-52.480
-54.170
-55.960
-54.920
-54.450
-54.170
-56.520
-53.510
-53.700
-53.890
-52.290
-54.830
-54.640
-53.890
-54.740
-54.830
-53.700
-53.790
-55.680
-56.520
-55.390
-54.740
-55.390
-54.640
-54.360
-53.700
-53.320
-53.320
-53.510
-53.040
-54.080
-53.420
-53.140
-53.890
-53.890
-54.640
-54.640
-53.980
-52.570
-53.980
-53.790
-53.790
-54.740
-54.830
-53.890
-54.170
-54.080
-54.450
-54.740
-55.110
-55.110
-55.870
-53.510
-53.420
-54.740
-53.790
-52.480
-52.850
-53.700
-53.700
-54.360
-52.950
-52.290
-53.320
-53.610
-53.320
-53.510
-54.640
-53.040
-52.760
-53.420
-53.320
-53.140
-51.720
-53.140
-54.270
-54.550
-54.830
-53.320
-53.510
-53.790
-54.080
-53.790
-54.360
-55.110
-55.110
-53.140
-53.420
-52.850
-53.700
-53.040
-53.420
-53.790
-53.890
-53.040
-53.510
-53.610
-53.230
-54.640
-53.230
-54.360
-54.270
-52.570
-51.540
-52.760
-54.550
-55.870
-54.270
-54.170
-52.570
-52.760
-53.040
-52.380
-52.570
-52.480
-54.360
-56.150
-56.240
-55.110
-55.020
-54.740
-55.390
-54.640
-54.830
-53.140
-53.040
-52.950
-53.700
-53.230
-53.510
-53.040
-54.170
-54.450
-53.040
-53.420
-52.760
-53.980
-54.080
-54.080
-54.450
-54.080
-52.100
-53.230
-53.420
-53.700
-54.170
-56.150
-55.680
-54.270
-53.790
-54.550
-54.270
-55.210
-54.080
-53.790
-55.110
-56.150
-54.740
-54.640
-55.300
-55.580
-54.170
-53.320
-53.700
-53.040
-52.570
-53.610
-54.170
-54.830
-54.360
-53.700
-52.950
-54.080
-54.550
-54.640
-54.740
-54.360
-54.830
-55.020
-54.270
-54.170
-54.450
-55.770
-53.610
-53.700
-53.510
-53.420
-55.110
-54.270
-53.790
-55.020
-54.170
-54.360
-55.300
-54.740
-53.610
-52.760
-54.360
-53.610
-53.980
-53.890
-54.360
-54.640
-53.420
-53.610
-53.140
-53.420
-55.210
-54.080
-53.980
-54.360
-54.270
-54.640
-53.040
-53.980
-54.080
-54.360
-54.170
-56.710
-55.580
-52.100
-52.290
-53.510
-53.700
-52.850
-53.040
-55.020
-55.110
-53.790
-54.170
-54.550
-54.170
-54.170
-54.640
-53.980
-54.360
-54.640
-54.270
