StatType:7
NumBins:1912
StartFreq:107898100
PerBin:dBmV/100kHz
3.010
4.610
10.070
14.960
17.600
20.040
20.980
20.890
21.080
20.890
20.800
20.980
21.830
20.980
21.080
21.920
22.300
22.020
21.450
21.550
21.640
21.550
21.550
20.980
21.360
22.020
21.080
21.360
21.550
21.080
21.080
21.170
21.270
21.450
21.740
21.080
21.740
21.640
21.270
21.550
21.450
20.700
21.830
20.700
20.980
21.640
21.920
21.550
22.020
21.170
20.510
22.110
21.270
20.510
20.980
21.170
20.140
19.480
17.410
14.490
10.070
8.470
12.420
16.560
19.100
20.230
21.170
21.270
20.890
21.550
22.490
21.550
21.170
21.170
21.640
20.700
21.170
20.510
21.170
21.270
21.740
21.170
21.740
21.450
21.270
21.450
21.270
21.920
21.270
21.080
21.640
20.980
20.510
21.830
21.740
21.740
22.490
21.640
21.920
20.890
20.510
21.640
20.800
20.890
21.640
21.360
22.110
21.450
22.300
21.270
20.610
21.740
21.170
21.270
21.450
20.230
20.230
18.820
16.280
12.510
5.830
3.010
1.600
1.030
0.940
0.650
0.000
-0.290
-3.680
-3.960
-3.960
-3.960
-3.960
-3.960
-3.960
-3.960
-3.960
-3.960
-3.960
-3.960
-3.960
-3.960
-3.960
-3.960
-3.960
-3.960
-3.960
-3.960
-3.960
-3.960
-3.960
-3.960
-3.960
-3.960
-3.960
-3.960
-3.960
-3.960
-3.960
-3.960
-3.960
-3.960
-3.960
-3.960
-3.960
-3.770
-3.770
-3.960
-3.680
-3.490
-3.390
-3.300
-3.490
-1.230
0.650
0.940
1.030
1.120
1.500
3.290
4.890
10.160
15.810
18.350
18.910
21.080
21.450
21.270
21.080
21.740
21.080
21.550
21.550
21.550
21.170
21.080
20.700
21.080
21.270
21.450
21.170
20.610
21.550
22.020
22.020
21.640
21.170
21.640
22.300
21.640
21.830
21.920
22.210
21.170
21.450
22.300
21.830
21.830
22.110
21.170
21.450
21.360
21.640
22.020
22.110
21.640
20.510
21.170
21.550
21.740
21.740
20.610
21.270
21.550
21.360
21.080
20.610
17.030
14.580
10.440
8.000
13.640
16.180
19.200
20.610
20.420
21.360
21.550
21.450
21.080
20.610
21.830
22.020
21.270
21.740
21.270
21.640
21.830
22.490
22.020
22.210
21.270
21.550
21.550
21.740
21.830
21.080
21.360
21.270
21.640
21.550
21.550
21.080
21.270
21.640
21.740
21.360
21.830
21.550
22.020
21.360
20.800
21.550
21.360
21.920
21.920
22.020
22.210
22.580
21.920
20.700
20.980
21.270
21.830
22.210
20.980
19.670
17.120
13.740
10.540
11.100
14.400
17.780
20.040
21.170
21.550
21.270
21.640
20.700
20.980
22.110
22.110
21.740
20.510
21.450
21.640
21.450
21.830
22.490
21.550
22.020
21.450
21.830
22.300
21.270
22.300
21.830
21.830
22.400
21.170
22.020
21.550
21.270
21.740
21.270
22.020
22.110
21.270
22.110
22.300
20.980
21.740
22.110
21.550
22.020
21.550
21.640
21.920
22.020
22.300
22.210
22.300
22.490
21.550
22.020
20.320
18.820
16.940
12.420
11.010
10.540
15.050
18.720
19.670
21.920
22.210
22.210
21.830
21.640
22.300
22.580
21.920
22.580
21.920
21.740
21.640
21.270
21.360
20.890
21.740
21.920
22.580
21.640
21.270
21.270
22.020
22.490
22.020
21.080
22.490
22.300
22.680
21.170
22.300
21.830
21.830
21.920
21.640
21.920
21.740
19.950
22.020
22.680
22.300
22.020
21.640
21.740
22.210
20.980
22.110
21.270
20.980
22.770
22.490
21.080
20.040
18.160
16.000
10.720
8.370
13.550
16.650
19.100
19.480
21.170
21.920
22.020
21.830
21.080
21.920
21.550
21.740
21.740
21.740
21.360
21.830
22.490
22.110
21.450
22.400
21.640
22.680
22.020
22.300
21.920
22.300
22.580
22.680
22.020
22.110
22.490
22.680
22.110
22.490
22.210
22.020
21.920
21.270
22.300
21.830
22.020
22.210
22.110
21.360
21.360
21.080
21.740
22.490
22.210
22.490
22.020
22.490
21.550
21.830
21.640
20.230
17.690
13.830
8.750
9.310
14.210
16.940
19.010
20.510
22.300
21.640
21.550
21.920
21.360
21.450
21.550
21.640
22.490
22.770
21.640
22.210
22.870
22.490
21.920
21.830
22.300
21.640
21.920
22.490
22.680
21.740
22.020
21.360
21.640
22.400
22.580
22.110
22.300
22.210
21.830
22.300
21.830
22.210
22.020
21.740
22.300
21.640
21.270
21.640
22.210
22.580
22.770
22.210
22.110
21.830
21.740
21.830
22.110
21.740
20.040
18.630
15.620
13.080
8.560
10.540
15.900
18.540
20.040
20.890
22.300
21.830
22.870
22.020
21.830
22.400
22.110
22.580
22.300
21.640
21.830
22.300
21.740
22.110
22.580
22.770
21.920
22.300
22.490
21.360
22.400
22.580
22.110
21.270
22.770
21.740
21.360
22.400
21.450
22.020
22.020
21.920
22.020
22.680
23.340
21.270
21.640
22.300
21.920
21.450
21.740
22.680
22.580
22.870
20.980
21.170
22.400
22.020
21.740
21.450
20.700
18.250
14.960
11.570
8.650
12.230
16.470
18.540
19.950
20.980
21.450
21.270
22.210
21.550
21.740
21.170
22.580
22.300
21.640
21.740
22.400
22.110
22.770
22.490
22.400
21.270
21.450
21.740
22.400
22.110
22.020
21.920
22.110
22.110
22.110
22.490
22.490
21.920
21.550
21.640
22.400
22.110
22.020
21.640
22.210
22.020
22.400
21.740
22.490
21.920
21.640
21.640
21.740
22.020
21.740
21.270
21.640
22.110
21.740
21.080
18.820
17.600
14.110
9.780
9.690
14.020
17.310
19.380
21.080
21.920
21.640
21.550
21.270
21.550
22.020
22.580
22.400
21.640
21.550
22.110
22.680
21.640
21.360
22.400
22.400
22.300
22.400
21.740
23.340
22.020
22.490
22.580
22.960
22.020
21.450
22.210
22.960
22.210
22.210
21.740
22.680
22.680
21.550
21.920
21.550
22.680
21.450
21.640
21.640
21.920
21.640
22.110
22.300
22.020
22.020
21.640
22.490
22.020
21.920
20.510
19.290
17.500
13.920
9.220
11.480
16.000
18.250
20.610
21.640
22.110
22.300
22.110
21.740
22.020
22.400
21.830
21.920
20.890
22.400
23.240
22.210
21.830
21.920
22.020
22.400
22.020
22.020
21.360
21.450
21.740
22.020
21.830
22.580
22.490
22.490
22.400
22.210
22.400
22.490
21.740
22.400
22.110
22.210
21.080
21.550
21.740
21.640
21.740
22.400
22.680
22.400
21.920
21.920
21.740
22.870
22.020
22.490
21.920
21.830
20.040
18.540
15.430
11.100
7.900
12.230
16.280
19.570
20.510
21.920
22.400
22.300
22.300
21.830
22.490
22.580
22.490
22.020
23.050
22.400
22.210
22.300
22.400
22.020
21.450
21.550
22.400
22.110
21.270
21.640
21.920
20.980
22.110
22.300
22.210
21.450
21.450
21.550
22.210
21.740
21.920
21.080
22.110
22.110
22.300
22.580
21.640
21.920
22.300
23.340
21.740
22.210
22.960
22.400
22.870
22.400
22.110
22.580
21.270
21.080
19.760
18.070
14.870
9.690
8.750
13.920
17.220
19.380
20.610
22.110
22.490
21.920
21.450
22.110
22.020
22.490
22.490
22.580
21.740
21.920
21.550
21.740
22.580
22.210
21.270
22.110
22.300
21.920
22.960
22.110
21.920
22.020
22.580
22.300
22.870
22.300
22.400
21.830
21.740
22.300
21.830
21.360
22.770
21.640
22.020
21.740
22.400
22.110
22.020
21.920
21.550
22.300
22.770
22.680
21.920
22.020
22.210
21.920
21.740
20.980
19.670
16.370
13.360
8.840
10.350
15.240
17.880
19.480
21.740
21.920
21.830
21.830
22.110
22.300
21.920
22.210
23.340
21.640
23.340
22.110
22.490
22.580
22.300
22.400
21.640
21.450
21.740
21.450
21.830
21.920
21.920
21.080
20.980
20.700
21.080
22.110
21.170
22.300
22.770
22.770
22.210
22.400
22.580
21.740
22.490
21.740
21.360
22.400
21.830
22.110
22.210
22.400
21.450
22.300
22.400
22.960
22.490
22.110
21.080
20.040
18.720
15.810
12.230
8.940
12.040
16.000
19.380
21.270
21.830
21.740
22.490
22.870
22.210
22.020
22.210
22.490
23.050
21.740
21.920
21.920
21.740
22.020
20.800
22.870
22.210
22.400
21.920
21.550
21.740
22.400
21.550
22.490
22.110
22.210
22.580
21.740
22.580
23.340
22.210
22.400
22.580
22.580
22.770
22.490
22.870
23.050
22.400
22.110
22.490
22.400
21.360
21.740
21.830
22.870
22.020
21.640
22.300
21.550
20.230
20.040
19.010
15.620
10.540
9.690
14.300
17.880
19.200
21.830
22.210
22.680
22.210
23.050
22.580
22.580
21.360
21.740
21.920
21.450
22.110
22.300
22.210
22.400
21.830
22.580
22.680
22.110
22.210
22.680
22.110
22.580
22.400
22.960
21.830
22.870
22.580
23.050
21.830
23.150
22.210
22.580
21.920
22.400
22.580
21.830
22.580
22.580
23.150
21.830
22.300
22.300
22.210
21.450
22.020
22.770
22.300
22.210
22.580
21.550
21.080
19.380
17.600
14.400
9.780
10.720
15.900
18.350
20.610
21.080
22.210
22.020
22.870
22.020
22.020
22.300
23.050
22.110
22.400
23.240
22.870
22.210
22.580
21.830
22.110
22.210
23.050
22.400
22.400
22.400
22.020
22.580
22.770
22.020
22.680
21.920
22.300
22.580
22.210
22.490
22.490
22.300
23.050
22.400
22.870
21.920
22.210
23.150
22.960
22.680
22.960
22.580
22.210
23.710
22.490
22.770
22.580
22.020
21.640
22.580
21.270
19.380
15.810
12.700
9.120
12.890
15.900
18.910
21.080
22.580
22.960
22.490
22.770
22.210
22.680
22.580
23.050
22.770
21.830
22.210
22.770
22.770
22.580
22.770
22.770
22.680
23.050
23.620
23.430
22.580
22.680
22.020
22.770
22.210
22.210
22.870
22.870
22.210
22.680
22.400
22.300
22.490
22.680
22.300
23.340
23.150
22.580
22.580
22.020
22.400
23.150
22.960
22.490
23.430
22.960
22.490
23.520
23.520
23.520
22.680
20.510
19.200
16.470
11.570
9.880
14.580
17.410
19.760
21.450
21.740
22.580
22.580
22.580
22.110
22.490
22.770
21.920
22.300
22.490
22.210
22.870
22.680
22.020
22.490
22.400
23.430
22.680
22.490
23.340
23.430
23.520
23.620
22.770
22.870
22.400
22.300
23.240
23.430
22.490
22.870
22.490
22.960
22.490
21.830
22.680
23.240
23.150
23.240
23.340
23.340
23.150
23.990
23.150
23.520
23.710
22.870
22.870
23.520
22.870
21.550
20.140
17.500
14.680
9.690
10.910
16.000
18.350
20.420
22.210
21.550
21.920
23.340
22.490
23.050
22.110
22.490
22.210
22.870
22.870
22.960
22.770
22.680
22.770
22.870
23.430
23.990
23.430
22.770
24.180
22.960
23.150
23.240
23.710
23.520
23.710
23.340
22.210
23.150
22.770
23.710
23.150
23.990
23.050
23.520
22.580
21.360
22.400
22.400
22.300
22.960
23.430
23.150
22.870
22.210
23.340
22.770
22.580
22.960
22.580
22.020
19.760
17.500
13.740
9.880
12.610
16.650
19.670
21.550
22.870
23.340
23.340
22.870
22.400
23.150
23.050
23.810
23.810
22.870
23.620
23.430
23.520
22.770
22.870
23.050
23.240
23.810
23.990
23.050
23.710
23.340
22.680
23.050
23.240
23.810
22.960
23.620
23.340
23.150
23.710
23.340
22.960
23.240
23.520
23.150
23.050
23.620
23.240
23.520
23.340
23.050
22.870
22.960
22.770
23.430
23.620
23.900
23.240
23.430
22.770
21.270
19.850
17.030
12.140
10.070
13.920
18.250
20.230
22.020
23.050
22.960
23.340
23.340
23.710
23.710
23.990
23.050
23.430
23.050
22.960
22.960
22.680
23.050
24.180
23.900
24.280
23.050
23.050
22.960
22.680
23.520
23.150
23.520
23.520
22.960
22.490
23.620
22.400
23.340
23.240
22.870
23.050
23.620
23.430
23.150
23.620
22.960
23.340
24.560
23.990
23.240
22.870
23.710
24.180
23.050
22.490
23.430
23.520
23.150
22.300
21.170
18.820
16.280
10.820
10.820
15.430
18.440
21.740
22.400
23.520
23.810
24.090
23.050
24.180
23.430
22.870
23.240
22.870
22.680
23.240
23.620
23.430
23.430
22.870
24.470
24.180
23.340
22.960
23.620
24.090
23.150
24.180
23.900
24.090
23.520
23.430
23.710
23.240
23.990
23.620
24.560
24.180
24.180
23.900
23.710
23.810
23.240
23.900
24.180
23.150
22.770
23.340
23.240
22.300
23.520
22.300
23.150
23.430
22.020
21.170
20.040
17.970
13.640
9.310
12.700
16.940
19.850
21.740
23.150
23.900
23.520
23.900
22.770
23.430
23.710
24.180
23.240
23.990
23.990
24.180
23.430
23.620
23.430
23.430
24.560
23.990
22.870
24.090
23.900
24.370
23.520
23.900
23.990
24.470
24.090
24.370
23.050
23.430
22.870
23.050
24.090
23.340
23.150
23.050
23.810
24.180
23.150
23.340
23.240
23.150
23.430
23.430
24.090
22.770
23.810
24.180
23.050
24.180
22.770
22.490
19.850
17.690
12.420
10.440
14.870
18.440
20.510
22.960
23.810
24.370
23.990
23.810
23.710
24.090
24.180
24.650
23.240
24.470
24.090
24.090
23.240
23.710
23.520
23.900
24.560
23.240
22.870
23.810
23.520
24.560
23.710
23.810
23.710
24.090
24.470
24.090
22.680
23.240
22.770
23.520
24.090
22.580
23.620
23.150
24.180
24.560
23.150
23.340
23.990
23.900
23.810
23.900
24.470
23.240
23.520
24.370
23.710
23.990
22.770
21.830
18.910
16.470
11.850
11.290
16.000
19.380
20.420
22.870
23.050
23.620
23.990
23.240
23.340
22.210
23.810
23.990
23.520
23.810
23.710
23.810
23.900
23.340
24.180
23.340
24.090
24.180
23.520
23.150
23.900
24.180
23.990
24.180
23.990
23.710
23.710
24.650
23.710
23.710
23.810
23.620
23.900
23.430
24.280
24.280
23.810
23.900
23.620
23.340
23.620
23.520
23.520
23.810
23.520
23.710
23.710
23.520
22.770
22.300
22.210
20.320
18.820
14.300
10.160
12.800
17.220
20.040
21.830
24.180
24.650
24.090
23.900
23.990
23.340
23.340
23.710
23.620
23.620
23.900
24.280
24.280
23.340
23.050
23.620
23.620
23.430
23.150
23.150
24.180
23.990
23.620
24.560
24.090
23.810
24.180
24.280
24.370
24.280
24.650
24.840
23.710
24.180
23.050
23.150
23.710
23.900
23.620
23.710
23.810
24.750
23.620
23.340
22.870
23.620
23.990
23.340
23.430
23.620
23.340
21.550
19.380
17.970
13.170
9.410
13.360
17.500
20.140
22.960
23.430
23.430
24.180
23.520
24.180
23.900
24.560
24.560
24.090
23.900
24.650
24.560
23.620
24.750
24.180
24.370
24.280
24.090
23.520
23.340
24.090
23.050
24.370
23.240
23.520
22.680
23.710
23.900
23.810
24.090
23.620
23.810
24.280
24.180
23.810
24.470
24.750
24.090
24.560
24.090
24.090
23.810
24.090
23.810
24.280
23.810
23.900
23.520
23.810
23.620
22.960
20.700
19.380
16.840
12.040
11.670
16.280
19.480
21.170
22.400
24.840
24.470
23.710
23.050
23.430
23.810
24.370
23.520
24.090
24.370
23.240
23.900
23.810
25.030
23.430
23.810
23.240
23.240
24.370
23.990
23.340
23.990
24.370
23.710
23.150
24.470
23.990
23.050
23.340
24.560
23.990
23.710
23.620
23.710
24.180
23.990
24.090
24.560
24.470
24.940
24.750
24.470
24.840
23.810
23.340
24.940
23.990
24.650
24.470
23.900
23.340
20.890
17.970
14.680
11.380
12.320
16.940
19.480
21.450
21.640
22.490
23.900
23.050
23.430
24.650
23.620
23.340
24.750
24.180
24.750
22.770
23.710
23.900
23.810
23.710
23.430
23.990
24.370
24.180
24.650
24.560
24.560
23.990
24.840
24.370
24.840
25.410
24.370
22.870
23.810
24.370
23.240
24.280
23.430
23.430
23.340
23.990
23.240
23.430
23.340
23.620
23.900
23.620
23.520
23.240
24.560
23.990
23.150
23.520
22.400
21.740
20.040
17.030
12.320
9.500
