StatType:7
NumBins:1912
StartFreq:491898100
PerBin:dBmV/100kHz
14.300
11.570
16.090
19.670
22.870
25.310
25.970
26.820
27.190
27.570
27.290
26.910
27.100
27.760
26.910
26.720
28.790
27.010
26.720
27.380
26.910
27.950
28.700
27.950
27.010
27.480
27.480
26.630
27.850
28.140
27.100
27.760
27.010
27.190
27.290
27.380
27.100
26.440
27.670
27.380
26.820
26.540
26.910
27.380
28.230
26.910
27.010
26.820
27.010
26.350
27.480
27.950
26.720
26.820
26.720
26.350
26.070
24.370
22.870
20.040
15.340
14.400
19.010
22.110
24.650
26.070
27.010
27.480
27.760
27.010
27.760
27.950
26.910
26.910
26.350
26.250
26.720
27.850
27.190
27.380
26.720
26.630
27.850
28.420
27.850
26.910
27.570
27.380
26.540
26.630
26.350
26.720
26.720
27.190
27.760
27.190
27.190
26.440
27.190
26.910
27.670
27.670
26.440
26.720
27.190
27.290
27.670
27.010
26.820
27.290
27.380
28.320
27.290
26.720
27.190
27.100
25.780
24.370
22.110
18.910
13.920
14.300
20.420
21.740
23.990
25.030
27.100
28.140
26.720
27.010
27.380
27.380
27.480
26.630
27.570
27.100
27.010
27.570
27.570
27.010
26.630
26.910
27.760
28.040
27.670
27.950
28.140
28.040
27.290
27.570
27.380
27.480
29.080
27.290
27.850
27.850
26.630
27.290
27.190
27.760
27.570
26.820
27.100
27.570
27.380
26.720
27.480
27.850
27.670
27.190
27.380
27.010
26.910
26.440
27.010
26.540
25.120
23.150
20.890
16.750
13.360
17.030
21.450
24.090
25.410
27.290
27.850
27.850
27.010
27.010
26.440
27.290
27.760
27.100
27.100
27.190
26.820
27.670
27.850
27.670
27.380
28.230
28.040
27.290
27.950
27.100
27.290
27.190
27.190
27.760
26.910
27.380
27.290
27.480
27.290
26.910
27.010
26.540
26.720
27.570
27.380
27.760
27.380
27.760
27.010
27.010
27.010
27.100
27.010
26.720
27.670
27.760
27.950
26.910
27.480
27.010
25.310
23.050
20.040
15.430
13.740
19.100
22.110
24.940
26.540
26.250
26.910
27.480
26.540
26.720
26.440
26.540
27.190
27.950
27.670
27.670
27.190
27.670
28.040
27.190
28.040
27.760
27.290
27.570
27.850
27.950
27.010
27.010
28.320
27.380
27.100
27.850
28.320
27.570
28.140
27.190
26.720
27.570
27.190
28.040
27.380
26.440
27.950
27.380
26.630
27.760
27.380
27.380
27.380
28.230
27.570
26.540
27.380
27.190
26.720
25.970
25.220
22.960
19.290
13.640
15.430
20.320
23.520
25.590
25.880
27.100
27.950
27.670
28.510
27.380
27.760
27.480
28.420
27.670
27.290
27.290
27.570
27.290
27.190
27.850
28.140
27.670
27.290
27.670
27.760
27.380
27.190
28.040
27.850
28.230
26.540
28.320
27.570
27.380
28.140
28.510
27.190
28.980
27.570
27.190
27.290
27.290
27.760
27.100
26.720
27.670
27.850
27.570
27.380
27.950
27.670
26.910
27.480
27.850
27.570
26.250
24.750
21.550
16.750
13.740
16.650
21.360
24.750
26.440
26.350
27.850
28.140
27.100
27.480
27.760
27.480
28.040
27.670
26.910
28.610
28.140
27.760
27.760
27.670
28.140
27.670
28.700
27.480
28.040
28.140
27.010
28.790
27.380
28.040
27.290
27.850
27.760
28.510
27.380
27.290
26.910
27.010
26.910
26.350
26.350
26.070
27.670
28.230
27.950
27.190
26.720
26.910
26.630
27.850
27.570
27.190
27.570
27.670
26.720
26.540
25.880
25.030
20.610
16.370
13.740
19.480
22.770
24.840
27.010
27.760
28.890
27.850
27.670
27.480
27.950
27.670
28.510
28.140
26.720
27.850
28.230
26.820
26.820
28.040
28.140
28.040
27.950
26.630
27.290
26.910
27.380
27.380
26.540
27.670
27.380
28.420
27.380
26.820
27.670
28.040
27.950
28.510
27.570
27.950
27.380
27.670
26.720
27.010
27.760
27.850
27.010
27.760
27.290
27.570
28.890
27.950
28.140
27.570
27.380
27.190
24.560
22.680
19.380
14.870
15.340
20.140
23.150
25.310
26.630
27.950
28.890
27.480
27.760
27.760
26.820
27.950
27.850
27.480
28.610
27.570
28.040
27.670
27.570
27.290
26.910
27.950
28.420
28.040
28.040
27.950
28.040
27.570
27.190
27.190
27.950
27.850
27.950
27.480
27.570
27.380
27.380
27.380
27.380
27.950
28.040
27.950
27.100
28.420
27.850
27.380
28.230
27.480
29.170
27.290
28.040
27.670
26.720
27.190
27.380
26.160
24.470
22.110
17.690
14.490
17.690
21.270
23.810
26.250
27.480
28.140
27.850
28.510
28.420
27.950
28.610
27.570
27.950
28.140
27.850
28.320
27.850
27.670
27.670
27.950
28.140
28.320
28.510
27.950
28.420
28.610
27.100
27.670
27.760
27.570
28.140
27.760
27.570
27.950
28.040
27.480
28.140
27.670
27.380
28.610
28.140
28.320
27.480
28.890
27.760
27.850
27.570
27.950
27.290
28.320
28.890
28.420
28.790
28.320
27.480
25.780
24.560
21.550
16.840
14.110
19.200
22.210
24.180
25.970
27.760
27.670
27.480
28.610
29.080
28.700
28.980
28.040
28.040
28.790
27.480
27.950
28.040
28.230
28.040
27.850
27.570
28.510
28.610
28.040
27.760
27.010
27.760
27.380
27.190
27.100
26.350
28.420
28.420
27.850
28.700
27.480
27.670
28.700
28.790
27.570
27.670
27.950
27.480
28.040
28.420
28.510
27.100
28.230
27.570
28.040
28.700
28.420
28.420
27.760
26.720
25.220
23.340
20.420
15.520
15.810
19.760
23.620
26.160
26.720
27.670
27.480
27.950
27.950
28.140
28.040
28.420
27.380
27.380
28.230
28.320
28.420
27.380
28.320
27.010
27.380
27.850
27.570
27.480
26.720
27.760
27.100
27.570
28.140
27.570
27.760
27.480
28.230
27.760
28.320
27.760
27.010
27.760
27.850
28.510
28.320
28.420
27.760
28.610
27.480
28.510
28.980
28.040
27.850
28.890
28.980
28.320
28.230
28.510
27.290
26.440
25.120
22.870
18.540
13.830
16.090
21.450
23.990
25.970
27.100
27.670
27.850
28.420
28.230
27.570
27.670
28.040
28.140
27.950
27.480
27.380
27.290
27.760
27.190
28.890
28.040
27.950
28.230
28.040
28.510
28.420
29.080
28.980
28.140
27.760
27.100
27.570
28.320
28.510
27.850
28.610
28.700
27.190
28.140
28.040
27.760
27.760
28.230
28.320
28.230
28.510
27.760
28.140
27.670
27.950
27.670
27.570
26.910
28.140
26.250
25.590
23.520
20.980
16.560
13.830
18.820
21.740
24.280
26.160
27.100
27.850
27.760
27.670
27.100
27.670
28.040
27.570
27.760
27.480
27.100
28.230
28.040
27.850
27.850
27.760
27.010
28.140
28.610
28.700
28.040
27.570
28.510
28.510
27.950
28.700
28.140
28.420
27.850
28.230
28.140
28.040
27.950
27.190
27.570
27.010
27.850
28.230
27.670
28.510
28.320
27.480
28.040
27.290
27.570
27.670
27.570
28.420
27.290
28.790
26.910
25.220
23.990
20.510
16.180
16.000
20.510
24.090
26.070
26.630
28.140
28.980
28.040
27.760
28.700
27.850
27.850
27.950
27.570
28.420
27.850
27.760
26.820
27.850
27.760
28.040
27.950
27.570
27.850
27.380
27.760
27.670
27.290
27.290
27.760
27.290
27.760
27.010
28.790
27.760
27.290
27.950
27.950
27.950
28.700
27.850
28.320
28.040
28.890
28.420
28.610
28.230
27.670
27.950
27.850
27.570
27.760
27.480
27.010
26.540
26.820
26.070
22.580
19.100
15.150
17.220
22.400
24.180
26.820
27.760
27.670
28.040
27.850
27.670
27.190
27.190
26.820
27.290
28.230
28.420
27.950
27.380
27.950
28.230
28.890
27.570
27.670
28.040
27.380
27.950
28.320
27.290
27.850
27.950
28.610
28.420
27.950
27.380
28.040
28.040
28.420
28.790
28.700
28.140
27.380
27.670
27.570
28.890
27.670
28.230
27.850
27.670
27.670
26.910
28.040
28.230
27.100
27.670
28.790
28.420
26.630
25.220
22.300
17.500
14.770
18.820
21.830
23.900
26.540
26.820
27.760
27.950
28.700
28.790
28.320
27.850
28.320
28.140
27.950
27.670
28.040
28.140
28.230
28.420
28.510
28.890
27.290
27.290
26.910
27.380
28.420
28.040
28.140
28.040
26.820
28.140
28.510
28.230
28.610
28.700
28.040
27.380
27.760
27.380
28.420
27.570
27.190
26.820
27.950
27.570
27.850
28.320
27.670
27.100
27.760
27.480
28.040
28.230
27.380
26.820
25.120
23.150
19.670
15.520
14.580
18.720
23.050
25.220
26.630
27.950
27.760
27.670
27.010
27.480
27.010
27.380
28.140
28.230
28.510
27.290
27.100
27.290
26.540
27.380
27.010
27.190
27.760
27.010
27.380
28.140
27.480
27.380
27.380
27.190
28.140
27.760
27.380
27.670
27.670
28.140
27.190
27.380
27.380
27.850
27.760
28.230
27.950
27.670
27.570
28.230
27.670
27.670
28.610
28.890
28.700
28.040
28.140
27.760
27.570
26.440
25.120
23.340
20.320
15.150
16.840
22.400
24.750
26.350
26.910
28.700
28.320
28.510
27.850
28.610
28.040
27.850
28.140
28.040
28.790
27.570
27.850
27.480
28.040
27.010
28.420
27.380
27.480
27.010
28.420
27.290
27.380
27.380
28.140
27.290
27.380
28.320
27.380
27.950
27.760
27.950
28.610
28.700
28.790
28.510
28.510
28.140
27.670
28.610
28.510
26.720
28.230
28.230
28.420
27.950
28.040
28.140
28.700
28.320
28.510
27.100
24.940
22.300
17.310
13.830
17.780
21.920
24.180
25.970
27.290
26.720
26.820
27.100
27.950
26.440
27.190
27.950
28.040
27.480
28.040
27.380
27.480
27.670
28.320
27.570
28.040
27.950
28.230
27.760
28.420
27.950
27.380
27.190
28.040
28.510
28.890
28.510
27.760
27.480
28.510
27.670
27.570
28.320
28.420
27.850
28.980
27.570
27.670
28.790
27.760
28.140
28.230
28.230
27.570
27.570
27.570
27.760
27.850
26.070
26.820
25.780
23.240
20.700
15.150
14.580
19.570
23.430
25.220
27.670
27.760
27.670
28.040
27.950
28.230
28.420
27.670
28.230
28.510
28.230
28.610
27.950
28.980
27.760
28.610
28.790
28.040
27.570
28.140
27.290
27.380
27.760
28.140
28.980
27.480
27.100
27.380
26.910
28.230
28.890
28.140
26.910
27.950
27.670
28.700
27.850
26.910
27.290
28.890
28.230
28.790
28.420
28.700
28.140
29.170
28.040
28.140
28.320
27.850
26.910
26.630
25.690
23.240
20.320
15.520
16.370
21.080
23.520
26.250
27.010
27.480
27.950
28.230
28.140
27.850
28.420
28.890
28.320
28.230
28.610
27.850
29.080
27.670
28.040
28.420
28.610
28.610
28.610
27.190
27.570
27.670
28.040
28.320
28.140
28.230
28.040
28.230
28.510
28.040
27.480
28.890
28.890
28.980
28.230
28.140
29.080
28.140
28.320
28.420
28.230
27.570
27.950
27.570
28.230
28.040
27.850
28.420
27.850
28.320
27.670
26.440
25.410
22.020
17.310
14.110
16.940
22.210
25.030
26.350
27.190
28.040
27.480
27.850
28.230
27.760
28.140
28.230
28.140
28.230
28.420
28.230
28.510
27.850
28.420
28.140
28.790
28.700
28.140
28.040
28.510
27.480
27.190
28.040
28.700
28.140
28.040
28.700
28.510
28.320
28.420
28.320
28.320
28.790
27.950
28.790
28.230
28.420
28.320
28.610
28.420
27.850
27.290
28.040
27.760
28.610
28.320
27.950
28.320
27.570
26.910
25.970
24.180
20.800
15.240
13.920
19.480
22.400
25.220
26.820
27.670
27.760
27.760
28.320
27.950
27.760
27.760
27.850
28.320
28.230
27.570
28.610
27.760
28.140
27.950
28.610
27.760
28.140
28.420
27.950
27.850
27.570
28.230
27.380
28.790
28.610
28.040
27.290
28.230
27.380
28.040
28.320
28.980
28.790
27.670
27.850
27.670
28.230
28.790
27.850
27.380
27.850
28.040
27.850
28.700
27.480
27.290
26.820
26.820
27.670
25.970
25.220
23.240
19.480
14.680
15.620
21.080
23.810
26.440
27.100
28.230
27.950
28.420
28.320
27.760
27.950
28.320
28.230
28.510
28.510
28.700
28.040
28.790
28.420
28.230
27.850
28.140
27.760
28.320
28.610
28.230
27.100
27.010
27.670
27.670
27.100
27.570
28.230
27.100
28.510
28.040
27.850
28.140
28.790
27.950
28.230
28.140
28.420
28.140
29.080
28.320
27.950
27.760
27.760
28.320
28.510
28.980
28.510
28.700
27.950
26.440
25.780
22.020
19.100
15.520
18.910
21.920
24.090
27.100
27.380
27.480
27.570
28.700
28.420
29.270
27.950
28.610
28.320
28.510
28.040
28.230
28.320
28.230
27.190
27.380
27.850
28.230
27.850
28.320
28.980
27.570
28.040
28.320
27.010
27.950
27.850
28.040
27.950
28.700
28.610
28.320
27.570
28.700
28.040
28.140
27.850
27.850
28.320
27.760
27.950
28.140
28.700
27.760
27.670
27.670
28.140
28.510
27.380
28.420
27.100
25.590
23.990
20.980
15.430
13.830
17.780
21.830
24.650
26.540
27.760
27.760
28.230
27.760
28.040
27.850
29.080
27.850
28.610
28.140
28.040
28.790
28.230
28.700
28.610
28.320
27.850
28.230
27.950
28.510
28.230
27.760
27.480
28.230
27.670
27.670
27.850
27.670
27.850
27.380
28.420
27.760
28.510
28.890
27.100
27.950
27.380
28.140
29.450
28.700
27.670
27.950
27.480
27.760
28.510
28.230
27.670
28.230
26.820
28.230
26.070
24.840
23.810
21.270
15.340
15.710
20.800
23.050
26.160
27.950
28.420
29.270
28.790
28.420
29.080
28.890
28.140
28.700
28.420
28.320
28.700
27.950
27.850
28.140
27.570
27.010
28.040
27.670
28.230
28.890
28.610
28.890
28.040
27.670
27.670
27.950
28.320
28.700
27.950
28.890
28.890
27.570
28.890
28.140
28.700
28.980
27.850
28.980
28.320
28.610
28.140
29.080
27.950
28.700
28.230
28.510
27.760
27.290
26.820
27.190
26.250
24.180
23.050
18.910
14.020
17.310
22.020
24.940
25.970
27.950
28.890
27.760
26.910
27.950
27.670
28.040
28.040
27.670
28.890
28.420
29.080
28.700
27.850
28.320
28.320
27.950
28.230
27.950
27.950
28.040
27.760
28.230
27.760
27.570
27.760
27.670
27.950
27.670
28.700
27.850
28.890
27.670
27.950
27.570
27.760
28.140
27.480
27.850
28.320
28.320
28.610
27.670
28.420
28.320
29.080
28.610
28.700
28.140
28.980
28.420
27.190
24.940
23.050
17.690
15.520
20.140
23.150
26.350
27.100
27.670
29.830
29.270
28.790
28.510
28.420
29.450
28.510
27.480
28.140
28.420
26.630
27.950
27.760
27.850
28.040
28.510
27.380
28.230
28.510
27.480
27.670
27.380
28.040
27.950
28.700
28.320
27.950
27.850
27.570
28.790
28.320
28.890
28.230
28.790
28.980
28.700
27.670
28.230
29.270
29.080
29.270
28.420
27.480
29.360
29.450
28.420
28.230
28.230
28.320
27.480
26.250
23.520
20.420
15.810
15.430
20.980
23.810
26.540
27.100
27.760
27.760
26.720
27.480
28.320
28.140
27.670
27.010
27.950
28.040
27.950
27.950
28.140
28.320
28.040
27.850
27.670
28.700
28.700
29.270
29.170
28.790
28.790
29.080
28.980
28.320
29.270
28.420
28.700
28.420
28.040
28.420
28.700
27.950
28.320
27.950
27.480
27.570
28.140
28.040
27.760
27.480
27.760
27.290
28.040
27.850
28.610
28.610
28.420
28.610
27.950
27.480
23.430
19.010
14.580
17.780
22.020
25.410
27.380
28.040
28.610
28.980
28.320
28.230
27.950
27.670
28.230
27.760
28.140
28.510
28.230
28.420
28.420
28.420
28.700
28.700
27.480
27.950
28.230
28.140
27.380
29.550
29.080
28.040
28.700
27.950
28.420
27.760
27.950
28.890
28.790
28.420
28.510
28.700
27.950
27.850
28.510
29.360
29.170
28.610
29.360
28.790
28.980
28.890
28.980
29.080
28.890
28.610
27.760
27.950
26.350
24.280
22.020
16.370
13.360
