StatType:7
NumBins:1912
StartFreq:299898100
PerBin:dBmV/100kHz
12.320
9.780
14.400
17.970
20.230
22.580
23.810
23.620
23.620
24.370
25.030
24.090
23.990
25.220
24.180
24.470
23.990
24.840
24.180
24.470
24.470
24.840
24.470
24.560
25.120
24.470
24.840
23.900
24.840
24.840
23.240
24.090
24.090
24.180
23.520
23.520
23.340
24.470
23.340
23.050
23.620
22.580
23.430
23.240
23.520
23.990
23.340
22.960
23.620
24.090
23.710
23.620
23.990
23.340
23.710
23.620
23.710
22.110
20.610
16.940
12.610
11.010
15.810
18.820
21.740
23.430
23.620
24.560
25.500
23.430
23.990
24.370
24.840
24.090
23.810
23.620
23.620
24.470
23.520
23.240
23.150
24.090
24.280
23.050
23.900
24.650
24.090
23.990
23.990
24.560
23.900
24.280
23.900
24.090
23.900
23.990
23.340
23.620
23.710
24.180
25.030
23.900
23.620
22.960
22.960
23.710
23.710
23.810
23.240
24.650
24.280
24.470
24.470
24.650
24.180
23.810
22.960
21.450
18.910
15.710
10.540
12.420
17.310
19.670
22.400
23.520
24.560
23.710
24.370
24.650
24.750
24.560
24.940
25.880
24.090
23.710
23.340
23.620
23.240
23.990
23.620
23.990
24.470
24.470
23.620
23.990
23.710
23.150
23.990
23.340
23.990
24.090
24.180
23.620
24.090
24.370
23.990
24.370
23.810
24.180
23.810
24.370
24.090
24.370
23.900
25.120
24.180
23.520
24.280
24.090
24.650
23.520
23.520
23.520
23.710
23.710
22.300
20.420
18.160
14.110
10.820
13.450
17.600
21.360
22.870
22.870
23.810
23.520
23.710
24.840
24.370
25.120
23.810
24.470
23.900
24.280
24.560
24.280
23.990
25.030
24.470
24.470
24.750
23.810
24.180
24.090
24.750
23.710
24.650
24.940
24.470
25.310
23.240
25.220
24.090
23.620
23.810
23.520
22.870
23.900
22.680
23.340
23.430
24.090
24.370
24.370
24.560
24.650
25.410
24.370
23.340
24.090
24.280
24.090
23.810
22.960
22.770
21.450
17.780
12.610
11.200
15.710
18.720
21.080
23.520
23.810
24.180
24.370
24.560
24.940
24.180
23.810
23.990
24.560
23.620
23.900
25.220
24.650
23.050
23.810
23.990
24.470
23.900
23.810
24.370
23.340
24.280
23.810
23.810
23.990
23.430
23.810
23.810
23.900
25.120
23.810
24.370
23.900
23.900
24.180
23.990
23.620
24.650
24.090
24.090
23.990
24.370
24.280
23.810
24.940
25.030
24.940
23.990
24.090
23.900
22.770
22.020
19.480
16.470
11.290
11.760
16.840
20.230
22.210
22.210
23.050
23.620
23.810
25.220
23.900
24.560
23.710
23.990
23.900
24.090
24.280
23.900
24.180
24.650
23.620
24.940
24.090
24.280
24.090
24.470
23.810
24.180
23.900
23.340
23.620
24.090
25.120
23.520
24.280
24.470
25.030
24.370
24.090
24.650
24.470
23.990
24.180
24.180
24.180
24.940
25.030
24.840
25.220
24.370
24.560
24.280
24.940
24.560
23.620
23.150
22.770
21.740
18.540
13.270
10.720
14.580
18.160
20.800
22.580
24.090
23.810
24.370
24.470
24.370
24.940
24.370
23.430
25.220
25.030
24.470
22.960
23.620
24.090
23.240
24.370
24.280
24.370
24.280
24.750
24.650
23.810
23.620
24.840
24.180
24.180
23.990
23.990
23.340
23.990
23.710
24.280
24.940
24.840
24.090
23.990
24.650
24.560
24.280
25.030
25.590
24.560
23.810
23.810
23.340
24.280
23.810
23.900
23.990
24.180
23.710
21.830
20.040
17.780
12.420
10.160
15.240
18.630
20.800
23.050
24.560
24.470
23.990
24.650
24.090
24.370
23.620
24.840
25.030
24.650
24.470
24.750
24.840
24.280
23.900
25.120
24.370
24.180
23.990
24.280
25.030
24.280
25.030
24.840
24.750
24.090
24.470
23.990
23.900
24.470
24.180
23.990
23.990
23.990
23.990
24.560
24.180
24.560
24.370
24.940
24.840
24.180
24.560
24.180
23.430
24.650
25.120
24.940
24.840
24.180
23.520
21.550
19.850
17.500
12.610
13.270
16.470
20.230
22.210
23.520
23.810
24.750
24.180
24.470
24.180
24.470
23.900
24.280
24.180
24.280
24.470
24.090
25.220
25.310
25.120
24.840
24.470
24.750
24.560
24.470
24.280
24.470
24.560
24.560
25.030
24.650
24.370
23.900
23.520
24.090
23.710
24.180
24.560
24.370
24.650
25.030
25.500
24.090
24.750
25.120
25.030
24.280
24.940
23.990
24.650
24.470
24.180
24.370
25.220
24.180
22.960
21.920
19.200
15.620
14.300
14.020
17.880
20.800
22.680
22.960
23.900
23.620
24.470
25.690
24.940
24.750
24.650
24.750
24.180
24.090
24.560
25.120
24.370
25.410
24.560
24.470
24.470
24.940
25.030
24.470
24.750
25.120
25.410
24.840
24.750
24.650
24.750
24.650
25.590
24.560
24.470
24.370
24.370
24.650
24.090
24.470
24.560
24.560
24.470
24.370
24.560
25.410
24.840
25.030
24.940
24.470
23.990
25.220
24.940
23.900
22.490
21.080
18.250
12.510
10.250
14.770
19.850
20.700
22.490
24.560
25.220
25.410
25.030
24.560
24.280
23.990
23.990
25.120
25.310
23.430
24.470
25.220
24.090
24.560
24.180
24.470
24.940
24.090
24.090
24.370
23.900
23.710
24.560
24.470
25.500
25.030
25.310
24.650
24.940
24.560
24.470
24.090
24.940
25.220
25.310
25.970
25.590
24.840
24.940
24.940
25.120
25.120
25.310
24.470
25.220
24.650
24.840
24.840
24.650
23.810
22.300
19.670
17.030
11.950
11.380
16.180
20.140
21.360
23.430
24.090
24.560
24.370
24.180
25.220
25.310
24.560
25.120
25.690
25.690
24.940
24.750
25.220
25.030
25.030
26.070
25.970
24.470
24.840
24.560
25.220
24.840
24.840
24.750
24.560
24.940
25.410
24.650
25.120
25.410
24.370
25.310
25.500
25.590
24.370
25.310
25.690
25.030
24.370
24.650
25.120
25.120
25.220
24.750
24.650
24.470
24.940
24.940
24.650
24.090
23.620
21.360
19.380
15.340
10.350
13.360
18.440
20.980
22.960
23.620
24.650
25.410
24.940
24.840
24.750
23.900
24.180
24.280
24.470
24.560
25.030
24.090
24.560
24.750
25.120
24.650
24.750
24.940
25.500
25.030
24.370
25.220
25.030
25.310
25.410
25.310
24.470
25.410
25.690
25.590
25.690
25.120
26.630
25.310
25.220
25.970
24.840
25.220
25.310
25.120
25.880
24.840
24.560
24.650
24.560
24.650
25.030
24.750
24.370
24.370
23.050
21.450
17.600
13.740
11.380
15.150
19.950
22.020
22.770
24.180
24.940
25.030
24.370
24.750
24.750
23.620
25.030
24.840
25.120
25.120
24.750
25.120
24.470
25.590
25.410
25.780
24.750
25.410
25.690
24.750
25.500
24.940
24.750
24.560
25.500
25.690
25.120
25.410
25.220
25.780
24.940
25.310
25.030
24.560
24.750
25.590
24.940
25.500
25.310
24.750
25.410
24.940
25.970
25.590
24.280
24.180
25.220
25.590
24.560
23.620
23.340
20.510
17.500
13.270
12.890
17.120
20.140
22.210
23.990
25.030
25.120
25.690
25.410
25.120
24.750
24.280
25.120
25.410
24.940
24.750
25.500
25.310
25.030
25.500
25.410
25.500
24.470
25.030
25.500
25.690
25.880
24.650
25.030
25.970
25.880
25.780
25.500
25.220
25.310
24.750
25.590
26.250
25.220
24.840
25.220
25.030
25.410
26.160
25.500
25.880
25.120
25.030
26.160
25.780
24.840
24.840
24.750
25.220
24.650
23.620
21.170
20.040
15.900
11.850
13.640
18.350
20.700
23.150
24.650
25.310
25.030
24.650
25.780
25.590
25.220
25.220
25.410
24.650
25.310
26.440
26.440
26.250
24.940
25.590
25.780
25.500
26.160
25.500
25.310
25.310
25.780
26.350
25.310
25.310
26.160
25.880
24.090
24.840
25.220
25.120
25.690
25.500
25.780
25.310
25.970
25.970
25.410
24.940
25.410
25.120
24.750
25.120
24.840
24.750
25.310
25.310
26.440
25.970
25.220
23.150
21.270
19.290
14.680
11.100
15.050
18.540
21.080
24.180
24.280
24.560
24.750
25.780
26.160
26.350
25.030
24.560
25.310
25.310
25.120
25.500
25.030
25.310
26.070
26.820
26.250
25.690
24.840
25.690
25.970
25.780
24.650
25.410
24.940
25.310
25.590
25.220
24.840
25.500
25.310
26.070
25.690
25.880
25.310
25.030
25.590
25.500
25.880
25.410
26.440
25.780
25.410
25.970
25.780
25.690
25.880
26.070
26.440
25.120
24.090
22.580
21.450
18.350
12.890
12.140
16.840
19.570
22.210
24.750
24.840
25.220
25.120
26.070
26.160
26.070
24.940
25.120
25.880
25.030
25.120
25.410
25.500
25.410
26.070
26.250
26.160
25.780
25.120
25.690
25.970
25.780
24.470
25.780
25.120
25.500
25.880
25.410
24.940
25.690
25.500
25.880
25.690
26.160
25.410
25.690
25.880
26.070
25.970
25.590
26.250
25.220
26.160
26.070
26.070
25.780
26.250
26.160
26.630
24.650
23.710
21.920
21.170
16.750
11.760
13.450
18.160
20.800
23.620
24.560
24.750
25.030
25.690
26.440
26.540
25.590
24.750
24.840
25.690
24.840
25.120
25.220
25.220
25.590
26.250
25.970
25.780
25.590
25.500
25.590
26.070
25.690
24.470
25.220
25.120
25.500
25.500
25.590
25.590
25.500
25.880
25.880
25.410
25.780
25.310
26.250
25.780
26.250
26.160
25.970
26.250
25.410
26.540
26.070
26.070
25.690
26.250
25.880
25.880
24.650
23.050
21.360
19.950
14.680
8.750
6.870
5.830
4.890
4.230
3.380
3.380
3.010
2.350
1.220
1.220
1.120
1.220
1.120
1.220
1.120
1.120
1.120
1.120
1.030
0.940
0.940
0.940
0.940
0.000
0.280
-1.040
-0.760
-1.130
-1.700
-2.640
-3.490
-3.580
-3.580
-3.580
-3.580
-3.580
-3.580
-3.580
-3.580
-3.580
-3.580
-3.580
-3.580
-3.580
-3.580
-3.580
-3.580
-3.580
-3.580
-3.580
-3.580
-3.580
-3.580
-3.580
-3.580
-3.490
-1.980
-1.040
-0.760
-0.100
0.180
0.370
-0.100
0.560
1.030
1.030
1.120
1.120
1.120
1.120
1.120
1.120
1.120
1.120
1.120
1.120
1.120
1.120
1.120
1.120
1.120
1.220
1.120
1.120
1.120
1.220
1.220
1.220
1.500
3.290
3.290
3.380
3.380
3.290
3.380
3.380
3.380
3.380
4.800
4.800
4.800
4.890
4.980
5.920
5.920
5.920
6.770
6.770
7.430
7.520
8.180
8.370
8.750
9.220
9.970
10.350
10.910
11.570
12.140
12.800
13.640
14.400
15.340
16.470
17.600
19.010
20.610
22.680
25.310
29.170
36.230
48.180
32.650
27.380
24.180
21.830
19.950
18.440
17.120
16.000
15.050
14.110
13.360
12.610
11.850
11.290
10.720
10.160
9.600
9.120
8.650
8.180
8.090
7.620
7.050
6.770
6.770
5.920
5.920
5.830
4.980
4.890
4.890
4.800
4.800
3.480
3.380
3.380
3.380
3.380
3.380
3.290
3.200
1.780
1.310
1.120
1.120
1.120
1.220
1.120
1.120
1.120
1.120
1.120
1.120
1.120
1.120
1.120
1.120
1.120
1.120
1.120
1.120
1.120
0.840
0.940
-2.450
-2.730
-2.920
-2.830
-3.300
-2.830
-3.300
-3.200
-3.490
-3.200
-3.300
-3.490
-3.490
-3.580
-3.580
-3.490
-3.580
-3.580
-3.580
-3.490
-3.580
-3.580
-3.490
-3.580
-3.580
-3.580
-3.580
-3.580
-3.580
-3.580
-3.580
-3.580
-3.580
-3.580
-3.580
-3.580
-3.580
-3.580
-3.580
-3.580
-3.580
-3.580
-3.580
-3.580
-3.580
-3.580
-3.580
-3.580
-3.580
-3.580
-3.580
-3.580
-3.580
-3.770
-3.580
-3.580
-3.580
-3.580
-3.580
-3.580
-3.580
-3.580
-3.770
-3.770
-3.580
-3.580
-3.580
-3.580
-3.770
-3.580
-3.770
-3.580
-3.580
-3.770
-3.770
-3.770
-3.770
-3.580
-3.580
-3.770
-3.770
-3.580
-3.770
-3.580
-3.580
-3.580
-3.770
-3.770
-3.580
-3.580
-3.580
-3.580
-3.770
-3.770
-3.770
-3.770
-3.580
-3.770
-3.770
-3.770
-3.770
-3.770
-3.770
-3.770
-3.770
-3.770
-3.770
-3.770
-3.770
-3.770
-3.770
-3.770
-3.770
-3.770
-3.770
-3.770
-3.770
-3.770
-3.770
-3.770
-3.770
-3.770
-3.770
-3.770
-3.770
-3.770
-3.770
-3.770
-3.770
-3.770
-3.770
-3.770
-3.770
-3.770
-3.770
-3.770
-1.420
0.180
0.470
0.840
0.840
0.940
0.940
0.940
0.940
0.940
0.940
0.940
0.940
1.030
1.120
1.500
2.630
3.100
3.200
3.380
3.850
4.610
4.980
6.020
7.240
8.840
14.490
20.040
22.580
23.810
24.750
26.820
26.070
26.070
25.880
26.070
26.350
25.880
25.500
25.880
25.780
26.440
26.540
25.970
26.440
26.630
26.250
25.690
25.590
25.780
26.540
26.630
26.720
26.160
25.780
26.720
26.720
26.440
26.440
26.820
26.350
26.720
26.070
26.910
26.540
26.630
25.590
26.630
27.190
26.630
26.540
26.440
26.630
26.160
26.440
26.820
26.910
26.910
27.100
26.350
25.690
25.120
22.770
18.820
14.580
12.800
17.500
20.890
23.710
26.160
25.970
26.350
26.720
26.910
26.540
26.250
26.820
27.100
26.160
26.720
26.350
25.500
25.410
27.190
26.720
26.720
25.970
26.440
25.410
26.630
25.590
27.010
26.910
26.720
26.160
25.970
26.070
26.720
27.380
26.350
25.780
25.500
26.250
26.350
26.540
26.070
26.630
27.380
26.250
25.970
26.820
26.350
25.880
26.540
26.910
26.820
25.880
26.070
26.630
26.350
25.880
24.370
22.400
18.540
13.920
13.640
18.440
21.550
23.710
25.970
25.500
27.010
27.010
27.010
25.690
26.350
26.720
26.250
27.100
26.350
26.250
27.010
26.910
26.250
26.250
26.160
26.630
26.540
27.380
26.630
27.190
27.010
27.570
27.190
26.630
26.160
26.540
25.880
26.350
26.440
27.190
26.630
26.070
26.250
26.910
26.540
26.630
25.780
26.820
26.910
26.820
26.630
26.160
26.820
27.010
26.630
26.910
26.350
25.970
25.500
24.750
23.710
21.270
16.650
12.890
15.520
20.700
22.110
25.590
26.160
26.440
26.160
27.100
26.910
27.290
27.190
26.160
26.440
27.290
25.880
26.250
26.820
27.100
26.820
26.160
26.350
26.630
26.540
26.630
26.070
26.440
27.100
26.070
26.540
27.100
27.380
26.910
26.910
26.630
27.010
27.380
27.190
26.250
26.440
26.720
26.720
27.100
26.540
27.380
26.820
25.970
26.720
26.440
26.720
27.480
27.290
25.880
26.160
26.160
25.970
24.750
22.960
20.610
15.810
13.080
17.030
21.170
23.710
25.500
25.880
26.160
27.100
26.910
27.570
26.250
26.540
27.850
27.570
27.850
27.190
27.010
27.100
27.570
26.720
27.570
26.820
27.190
27.100
26.440
27.100
27.380
27.100
26.250
26.160
26.070
27.380
26.440
26.720
26.820
27.100
26.350
27.570
26.540
26.160
25.780
26.540
27.570
26.440
26.630
26.820
26.630
26.350
26.250
27.380
26.910
26.910
26.820
27.380
26.720
26.250
24.180
23.050
19.380
13.740
14.110
19.380
22.680
25.030
26.540
27.570
27.670
27.290
26.440
26.540
26.720
27.190
27.190
27.290
27.010
26.070
26.350
26.440
26.540
27.100
26.910
26.250
26.070
26.540
26.820
27.380
26.630
26.540
26.720
27.190
27.480
26.720
26.350
27.570
26.160
26.720
27.190
28.230
26.820
26.540
27.290
26.720
27.100
27.190
26.630
27.380
25.970
26.440
27.480
26.540
27.290
26.160
26.630
27.850
27.670
25.410
24.370
21.830
19.010
13.830
15.710
19.380
23.430
25.410
26.160
27.760
27.480
26.910
27.190
27.570
26.720
26.720
27.100
26.630
27.570
26.630
26.910
26.350
27.480
26.630
26.440
26.630
26.820
26.540
27.190
27.100
26.440
26.630
26.540
27.010
26.540
27.010
26.910
27.100
26.910
27.850
27.570
27.760
27.480
26.720
26.910
27.380
27.760
27.480
27.850
27.480
27.670
27.670
26.820
26.350
27.290
26.820
26.440
26.440
24.750
24.560
22.870
19.380
15.810
12.140
